time to climb:  255.4723

{'h': [array([[  100.        ],
       [  385.84286893],
       [ 2524.05538825],
       [ 6330.19786708],
       [ 8398.09721022],
       [ 8398.09721022],
       [ 9496.91321874],
       [ 8224.65719818],
       [ 7524.51936893],
       [ 7967.69790418],
       [ 7967.69790418],
       [ 7685.19578827],
       [ 9594.55531382],
       [14749.31150762],
       [16000.        ]]), array([[  100.        ],
       [  385.84286893],
       [ 2524.05538825],
       [ 6330.19786708],
       [ 8398.09721022],
       [ 8398.09721022],
       [ 9496.91321874],
       [ 8224.65719818],
       [ 7524.51936893],
       [ 7967.69790418],
       [ 7967.69790418],
       [ 7685.19578827],
       [ 9594.55531382],
       [14749.31150762],
       [16000.        ]])], 'r': [array([[    0.        ],
       [ 2512.93182958],
       [ 9270.65900027],
       [16562.87651865],
       [20107.2482066 ],
       [20107.2482066 ],
       [23842.87063336],
       [32631.84519492],
       [43410.06296693],
       [49556.7344816 ],
       [49556.7344816 ],
       [55970.23796015],
       [68204.10399411],
       [77757.98698928],
       [81884.92516855]]), array([[    0.        ],
       [ 2512.93182958],
       [ 9270.65900027],
       [16562.87651865],
       [20107.2482066 ],
       [20107.2482066 ],
       [23842.87063336],
       [32631.84519492],
       [43410.06296693],
       [49556.7344816 ],
       [49556.7344816 ],
       [55970.23796015],
       [68204.10399411],
       [77757.98698928],
       [81884.92516855]])], 'thrust': [array([[28040.14632377],
       [30685.43462476],
       [29491.23905419],
       [21324.01785314],
       [16249.20034523],
       [16249.20034523],
       [14664.76010049],
       [21846.64091725],
       [26953.27860842],
       [26642.24161996],
       [26642.24161996],
       [29154.81655621],
       [23634.90073868],
       [ 8283.02344799],
       [ 6125.4488035 ]]), array([[28040.14632377],
       [30685.43462476],
       [29491.23905419],
       [21324.01785314],
       [16249.20034523],
       [16249.20034523],
       [14664.76010049],
       [21846.64091725],
       [26953.27860842],
       [26642.24161996],
       [26642.24161996],
       [29154.81655621],
       [23634.90073868],
       [ 8283.02344799],
       [ 6125.4488035 ]])], 'v': [array([[135.964     ],
       [206.74599571],
       [288.82701778],
       [289.73862165],
       [267.15878958],
       [267.15878958],
       [274.87468561],
       [362.50881292],
       [412.28028855],
       [422.61189319],
       [422.61189319],
       [447.73120108],
       [436.16635522],
       [323.37066419],
       [295.06331582]]), array([[135.964     ],
       [206.74599571],
       [288.82701778],
       [289.73862165],
       [267.15878958],
       [267.15878958],
       [274.87468561],
       [362.50881292],
       [412.28028855],
       [422.61189319],
       [422.61189319],
       [447.73120108],
       [436.16635522],
       [323.37066419],
       [295.06331582]])]}