time to climb:  275.9943

{'h': [array([[  100.        ],
       [  100.00014197],
       [  928.14250857],
       [ 4480.12875143],
       [ 5854.4279326 ],
       [ 5854.4279326 ],
       [ 5753.74074866],
       [ 6447.30263607],
       [ 7351.40997855],
       [ 7374.41870514],
       [ 7374.41870514],
       [ 7253.93701586],
       [ 9040.49548007],
       [14442.70128356],
       [16000.        ]]), array([[  100.        ],
       [  100.00014197],
       [  928.14250857],
       [ 4480.12875143],
       [ 5854.4279326 ],
       [ 5854.4279326 ],
       [ 5753.74074866],
       [ 6447.30263607],
       [ 7351.40997855],
       [ 7374.41870514],
       [ 7374.41870514],
       [ 7253.93701586],
       [ 9040.49548007],
       [14442.70128356],
       [16000.        ]])], 'r': [array([[    0.        ],
       [ 2968.68666017],
       [12073.2967696 ],
       [21409.53672779],
       [26092.61326574],
       [26092.61326574],
       [31572.04020064],
       [42731.10842357],
       [54452.94145834],
       [61010.61290372],
       [61010.61290372],
       [67904.86290601],
       [81412.77032767],
       [92062.07191714],
       [96493.47916893]]), array([[    0.        ],
       [ 2968.68666017],
       [12073.2967696 ],
       [21409.53672779],
       [26092.61326574],
       [26092.61326574],
       [31572.04020064],
       [42731.10842357],
       [54452.94145834],
       [61010.61290372],
       [61010.61290372],
       [67904.86290601],
       [81412.77032767],
       [92062.07191714],
       [96493.47916893]])], 'thrust': [array([[28040.14632377],
       [33053.39975829],
       [35400.10858351],
       [26698.70379863],
       [24686.71521391],
       [24686.71521391],
       [27055.27519258],
       [27213.87562323],
       [26664.92757684],
       [28163.60265986],
       [28163.60265986],
       [30118.83428395],
       [25621.94463206],
       [ 8898.75312877],
       [ 6125.4488035 ]]), array([[28040.14632377],
       [33053.39975829],
       [35400.10858351],
       [26698.70379863],
       [24686.71521391],
       [24686.71521391],
       [27055.27519258],
       [27213.87562323],
       [26664.92757684],
       [28163.60265986],
       [28163.60265986],
       [30118.83428395],
       [25621.94463206],
       [ 8898.75312877],
       [ 6125.4488035 ]])], 'v': [array([[135.964     ],
       [238.02678694],
       [340.85855179],
       [313.48707194],
       [327.58435172],
       [327.58435172],
       [358.34086544],
       [381.72767454],
       [402.72069599],
       [423.91555025],
       [423.91555025],
       [446.68626447],
       [445.20261297],
       [330.9922242 ],
       [295.06331582]]), array([[135.964     ],
       [238.02678694],
       [340.85855179],
       [313.48707194],
       [327.58435172],
       [327.58435172],
       [358.34086544],
       [381.72767454],
       [402.72069599],
       [423.91555025],
       [423.91555025],
       [446.68626447],
       [445.20261297],
       [330.9922242 ],
       [295.06331582]])]}