#
# Incremental Lift and Drag Coeff. for Ground Effects
# Reference Area = 1370. sqft / Flap Deflection = 10 deg (T.O. Setting)
#     MACH   ALPHA     HOB   DEL_CL   DEL_CD
#      (-)   (deg)     (-)     (-)      (-)
#
     0.00   -2.00    0.05 -0.02737 -0.00156
     0.00   -2.00    0.10 -0.01769 -0.00120
     0.00   -2.00    0.20 -0.01032 -0.00075
     0.00   -2.00    0.30 -0.00655 -0.00049
     0.00   -2.00    0.40 -0.00431 -0.00033
     0.00   -2.00    0.50 -0.00291 -0.00022
     0.00   -2.00    0.60 -0.00199 -0.00016
     0.00   -2.00    0.80 -0.00097 -0.00008
     0.00   -2.00    1.00 -0.00049 -0.00004
     0.00   -2.00    1.50 -0.00009 -0.00001
     0.00   -2.00    2.00 -0.00001 -0.00000
     0.00   -2.00    3.00  0.00000 -0.00000
     0.00    0.00    0.05  0.03824 -0.00376
     0.00    0.00    0.10  0.02525 -0.00269
     0.00    0.00    0.20  0.01495 -0.00154
     0.00    0.00    0.30  0.00954 -0.00095
     0.00    0.00    0.40  0.00628 -0.00062
     0.00    0.00    0.50  0.00423 -0.00041
     0.00    0.00    0.60  0.00289 -0.00028
     0.00    0.00    0.80  0.00140 -0.00014
     0.00    0.00    1.00  0.00069 -0.00007
     0.00    0.00    1.50  0.00012 -0.00002
     0.00    0.00    2.00  0.00001 -0.00000
     0.00    0.00    3.00  0.00000 -0.00000
     0.00    2.00    0.05  0.09445 -0.00691
     0.00    2.00    0.10  0.06394 -0.00476
     0.00    2.00    0.20  0.03847 -0.00256
     0.00    2.00    0.30  0.02465 -0.00153
     0.00    2.00    0.40  0.01626 -0.00097
     0.00    2.00    0.50  0.01094 -0.00064
     0.00    2.00    0.60  0.00747 -0.00044
     0.00    2.00    0.80  0.00358 -0.00021
     0.00    2.00    1.00  0.00175 -0.00011
     0.00    2.00    1.50  0.00028 -0.00003
     0.00    2.00    2.00  0.00001 -0.00001
     0.00    2.00    3.00  0.00000 -0.00000
     0.00    4.00    0.05  0.14127 -0.01115
     0.00    4.00    0.10  0.09837 -0.00748
     0.00    4.00    0.20  0.06024 -0.00385
     0.00    4.00    0.30  0.03878 -0.00224
     0.00    4.00    0.40  0.02561 -0.00140
     0.00    4.00    0.50  0.01722 -0.00092
     0.00    4.00    0.60  0.01173 -0.00062
     0.00    4.00    0.80  0.00558 -0.00031
     0.00    4.00    1.00  0.00269 -0.00017
     0.00    4.00    1.50  0.00038 -0.00004
     0.00    4.00    2.00  0.00000 -0.00002
     0.00    4.00    3.00  0.00000 -0.00000
     0.00    6.00    0.05  0.17869 -0.01661
     0.00    6.00    0.10  0.12854 -0.01094
     0.00    6.00    0.20  0.08024 -0.00548
     0.00    6.00    0.30  0.05193 -0.00312
     0.00    6.00    0.40  0.03434 -0.00193
     0.00    6.00    0.50  0.02307 -0.00126
     0.00    6.00    0.60  0.01568 -0.00085
     0.00    6.00    0.80  0.00739 -0.00043
     0.00    6.00    1.00  0.00351 -0.00024
     0.00    6.00    1.50  0.00043 -0.00007
     0.00    6.00    2.00  0.00000 -0.00002
     0.00    6.00    3.00  0.00000 -0.00000
     0.00    8.00    0.05  0.20671 -0.02343
     0.00    8.00    0.10  0.15446 -0.01524
     0.00    8.00    0.20  0.09849 -0.00747
     0.00    8.00    0.30  0.06411 -0.00420
     0.00    8.00    0.40  0.04245 -0.00258
     0.00    8.00    0.50  0.02849 -0.00168
     0.00    8.00    0.60  0.01931 -0.00114
     0.00    8.00    0.80  0.00901 -0.00058
     0.00    8.00    1.00  0.00420 -0.00033
     0.00    8.00    1.50  0.00042 -0.00010
     0.00    8.00    2.00  0.00000 -0.00003
     0.00    8.00    3.00  0.00000 -0.00000
     0.00   10.00    0.05  0.22534 -0.03174
     0.00   10.00    0.10  0.17612 -0.02046
     0.00   10.00    0.20  0.11498 -0.00989
     0.00   10.00    0.30  0.07530 -0.00552
     0.00   10.00    0.40  0.04994 -0.00337
     0.00   10.00    0.50  0.03348 -0.00219
     0.00   10.00    0.60  0.02263 -0.00150
     0.00   10.00    0.80  0.01045 -0.00077
     0.00   10.00    1.00  0.00477 -0.00044
     0.00   10.00    1.50  0.00035 -0.00015
     0.00   10.00    2.00  0.00000 -0.00004
     0.00   10.00    3.00  0.00000 -0.00000
     0.00   12.00    0.05  0.23457 -0.04167
     0.00   12.00    0.10  0.19352 -0.02669
     0.00   12.00    0.20  0.12972 -0.01278
     0.00   12.00    0.30  0.08552 -0.00709
     0.00   12.00    0.40  0.05680 -0.00432
     0.00   12.00    0.50  0.03805 -0.00281
     0.00   12.00    0.60  0.02564 -0.00193
     0.00   12.00    0.80  0.01171 -0.00101
     0.00   12.00    1.00  0.00522 -0.00059
     0.00   12.00    1.50  0.00023 -0.00021
     0.00   12.00    2.00  0.00000 -0.00005
     0.00   12.00    3.00  0.00000 -0.00000
     0.00   14.00    0.05  0.23441 -0.05335
     0.00   14.00    0.10  0.20668 -0.03400
     0.00   14.00    0.20  0.14270 -0.01619
     0.00   14.00    0.30  0.09475 -0.00894
     0.00   14.00    0.40  0.06303 -0.00545
     0.00   14.00    0.50  0.04218 -0.00356
     0.00   14.00    0.60  0.02834 -0.00244
     0.00   14.00    0.80  0.01277 -0.00129
     0.00   14.00    1.00  0.00554 -0.00077
     0.00   14.00    1.50  0.00005 -0.00028
     0.00   14.00    2.00  0.00000 -0.00007
     0.00   14.00    3.00  0.00000 -0.00000
     0.00   16.00    0.05  0.22485 -0.06687
     0.00   16.00    0.10  0.21557 -0.04249
     0.00   16.00    0.20  0.15392 -0.02015
     0.00   16.00    0.30  0.10301 -0.01112
     0.00   16.00    0.40  0.06865 -0.00678
     0.00   16.00    0.50  0.04588 -0.00443
     0.00   16.00    0.60  0.03073 -0.00306
     0.00   16.00    0.80  0.01366 -0.00164
     0.00   16.00    1.00  0.00575 -0.00098
     0.00   16.00    1.50  0.00000 -0.00035
     0.00   16.00    2.00  0.00000 -0.00008
     0.00   16.00    3.00  0.00000 -0.00000
     0.00   18.00    0.05  0.15099 -0.08524
     0.00   18.00    0.10  0.15099 -0.05762
     0.00   18.00    0.20  0.15099 -0.02604
     0.00   18.00    0.30  0.11029 -0.01364
     0.00   18.00    0.40  0.07364 -0.00833
     0.00   18.00    0.50  0.04916 -0.00546
     0.00   18.00    0.60  0.03280 -0.00378
     0.00   18.00    0.80  0.01435 -0.00205
     0.00   18.00    1.00  0.00583 -0.00124
     0.00   18.00    1.50  0.00000 -0.00042
     0.00   18.00    2.00  0.00000 -0.00009
     0.00   18.00    3.00  0.00000 -0.00000
     0.10   -2.00    0.05 -0.02752 -0.00188
     0.10   -2.00    0.10 -0.01777 -0.00143
     0.10   -2.00    0.20 -0.01037 -0.00090
     0.10   -2.00    0.30 -0.00658 -0.00059
     0.10   -2.00    0.40 -0.00433 -0.00039
     0.10   -2.00    0.50 -0.00292 -0.00027
     0.10   -2.00    0.60 -0.00200 -0.00019
     0.10   -2.00    0.80 -0.00097 -0.00009
     0.10   -2.00    1.00 -0.00049 -0.00005
     0.10   -2.00    1.50 -0.00009 -0.00001
     0.10   -2.00    2.00 -0.00001 -0.00000
     0.10   -2.00    3.00  0.00000 -0.00000
     0.10    0.00    0.05  0.03844 -0.00453
     0.10    0.00    0.10  0.02537 -0.00323
     0.10    0.00    0.20  0.01502 -0.00184
     0.10    0.00    0.30  0.00958 -0.00114
     0.10    0.00    0.40  0.00631 -0.00074
     0.10    0.00    0.50  0.00425 -0.00050
     0.10    0.00    0.60  0.00291 -0.00034
     0.10    0.00    0.80  0.00140 -0.00017
     0.10    0.00    1.00  0.00070 -0.00009
     0.10    0.00    1.50  0.00012 -0.00002
     0.10    0.00    2.00  0.00001 -0.00001
     0.10    0.00    3.00  0.00000 -0.00000
     0.10    2.00    0.05  0.09493 -0.00831
     0.10    2.00    0.10  0.06423 -0.00571
     0.10    2.00    0.20  0.03865 -0.00306
     0.10    2.00    0.30  0.02476 -0.00183
     0.10    2.00    0.40  0.01633 -0.00116
     0.10    2.00    0.50  0.01099 -0.00077
     0.10    2.00    0.60  0.00750 -0.00052
     0.10    2.00    0.80  0.00360 -0.00026
     0.10    2.00    1.00  0.00176 -0.00014
     0.10    2.00    1.50  0.00028 -0.00003
     0.10    2.00    2.00  0.00001 -0.00001
     0.10    2.00    3.00  0.00000 -0.00000
     0.10    4.00    0.05  0.14197 -0.01340
     0.10    4.00    0.10  0.09881 -0.00897
     0.10    4.00    0.20  0.06050 -0.00462
     0.10    4.00    0.30  0.03895 -0.00268
     0.10    4.00    0.40  0.02573 -0.00167
     0.10    4.00    0.50  0.01730 -0.00110
     0.10    4.00    0.60  0.01178 -0.00075
     0.10    4.00    0.80  0.00560 -0.00037
     0.10    4.00    1.00  0.00270 -0.00020
     0.10    4.00    1.50  0.00038 -0.00005
     0.10    4.00    2.00  0.00000 -0.00002
     0.10    4.00    3.00  0.00000 -0.00000
     0.10    6.00    0.05  0.17954 -0.01996
     0.10    6.00    0.10  0.12911 -0.01314
     0.10    6.00    0.20  0.08059 -0.00657
     0.10    6.00    0.30  0.05216 -0.00374
     0.10    6.00    0.40  0.03449 -0.00231
     0.10    6.00    0.50  0.02317 -0.00151
     0.10    6.00    0.60  0.01574 -0.00102
     0.10    6.00    0.80  0.00742 -0.00051
     0.10    6.00    1.00  0.00352 -0.00028
     0.10    6.00    1.50  0.00043 -0.00008
     0.10    6.00    2.00  0.00000 -0.00003
     0.10    6.00    3.00  0.00000 -0.00000
     0.10    8.00    0.05  0.20766 -0.02816
     0.10    8.00    0.10  0.15512 -0.01830
     0.10    8.00    0.20  0.09891 -0.00896
     0.10    8.00    0.30  0.06438 -0.00504
     0.10    8.00    0.40  0.04263 -0.00309
     0.10    8.00    0.50  0.02861 -0.00201
     0.10    8.00    0.60  0.01939 -0.00137
     0.10    8.00    0.80  0.00905 -0.00070
     0.10    8.00    1.00  0.00422 -0.00039
     0.10    8.00    1.50  0.00042 -0.00013
     0.10    8.00    2.00  0.00000 -0.00004
     0.10    8.00    3.00  0.00000 -0.00000
     0.10   10.00    0.05  0.22633 -0.03815
     0.10   10.00    0.10  0.17685 -0.02457
     0.10   10.00    0.20  0.11546 -0.01187
     0.10   10.00    0.30  0.07562 -0.00661
     0.10   10.00    0.40  0.05014 -0.00404
     0.10   10.00    0.50  0.03362 -0.00263
     0.10   10.00    0.60  0.02273 -0.00179
     0.10   10.00    0.80  0.01049 -0.00093
     0.10   10.00    1.00  0.00479 -0.00053
     0.10   10.00    1.50  0.00035 -0.00018
     0.10   10.00    2.00  0.00000 -0.00005
     0.10   10.00    3.00  0.00000 -0.00000
     0.10   12.00    0.05  0.23553 -0.05009
     0.10   12.00    0.10  0.19429 -0.03205
     0.10   12.00    0.20  0.13024 -0.01534
     0.10   12.00    0.30  0.08587 -0.00850
     0.10   12.00    0.40  0.05703 -0.00518
     0.10   12.00    0.50  0.03820 -0.00337
     0.10   12.00    0.60  0.02575 -0.00231
     0.10   12.00    0.80  0.01175 -0.00121
     0.10   12.00    1.00  0.00524 -0.00070
     0.10   12.00    1.50  0.00023 -0.00025
     0.10   12.00    2.00  0.00000 -0.00006
     0.10   12.00    3.00  0.00000 -0.00000
     0.10   14.00    0.05  0.23528 -0.06412
     0.10   14.00    0.10  0.20745 -0.04084
     0.10   14.00    0.20  0.14326 -0.01943
     0.10   14.00    0.30  0.09513 -0.01073
     0.10   14.00    0.40  0.06329 -0.00653
     0.10   14.00    0.50  0.04235 -0.00427
     0.10   14.00    0.60  0.02845 -0.00293
     0.10   14.00    0.80  0.01282 -0.00155
     0.10   14.00    1.00  0.00556 -0.00092
     0.10   14.00    1.50  0.00005 -0.00034
     0.10   14.00    2.00  0.00000 -0.00008
     0.10   14.00    3.00  0.00000 -0.00000
     0.10   16.00    0.05  0.22557 -0.08039
     0.10   16.00    0.10  0.21633 -0.05104
     0.10   16.00    0.20  0.15450 -0.02419
     0.10   16.00    0.30  0.10341 -0.01335
     0.10   16.00    0.40  0.06892 -0.00813
     0.10   16.00    0.50  0.04606 -0.00532
     0.10   16.00    0.60  0.03084 -0.00367
     0.10   16.00    0.80  0.01371 -0.00197
     0.10   16.00    1.00  0.00577 -0.00118
     0.10   16.00    1.50  0.00000 -0.00043
     0.10   16.00    2.00  0.00000 -0.00010
     0.10   16.00    3.00  0.00000 -0.00000
     0.10   18.00    0.05  0.14509 -0.10285
     0.10   18.00    0.10  0.14509 -0.06982
     0.10   18.00    0.20  0.14509 -0.03208
     0.10   18.00    0.30  0.11071 -0.01638
     0.10   18.00    0.40  0.07392 -0.00999
     0.10   18.00    0.50  0.04934 -0.00655
     0.10   18.00    0.60  0.03292 -0.00454
     0.10   18.00    0.80  0.01440 -0.00246
     0.10   18.00    1.00  0.00584 -0.00149
     0.10   18.00    1.50  0.00000 -0.00051
     0.10   18.00    2.00  0.00000 -0.00011
     0.10   18.00    3.00  0.00000 -0.00000
     0.20   -2.00    0.05 -0.02796 -0.00183
     0.20   -2.00    0.10 -0.01803 -0.00140
     0.20   -2.00    0.20 -0.01052 -0.00088
     0.20   -2.00    0.30 -0.00668 -0.00058
     0.20   -2.00    0.40 -0.00439 -0.00039
     0.20   -2.00    0.50 -0.00296 -0.00026
     0.20   -2.00    0.60 -0.00203 -0.00018
     0.20   -2.00    0.80 -0.00099 -0.00009
     0.20   -2.00    1.00 -0.00050 -0.00005
     0.20   -2.00    1.50 -0.00009 -0.00001
     0.20   -2.00    2.00 -0.00002 -0.00000
     0.20   -2.00    3.00  0.00000 -0.00000
     0.20    0.00    0.05  0.03904 -0.00446
     0.20    0.00    0.10  0.02574 -0.00318
     0.20    0.00    0.20  0.01523 -0.00181
     0.20    0.00    0.30  0.00971 -0.00112
     0.20    0.00    0.40  0.00640 -0.00073
     0.20    0.00    0.50  0.00431 -0.00049
     0.20    0.00    0.60  0.00295 -0.00033
     0.20    0.00    0.80  0.00142 -0.00016
     0.20    0.00    1.00  0.00071 -0.00008
     0.20    0.00    1.50  0.00012 -0.00002
     0.20    0.00    2.00  0.00001 -0.00001
     0.20    0.00    3.00  0.00000 -0.00000
     0.20    2.00    0.05  0.09640 -0.00821
     0.20    2.00    0.10  0.06514 -0.00564
     0.20    2.00    0.20  0.03918 -0.00302
     0.20    2.00    0.30  0.02510 -0.00180
     0.20    2.00    0.40  0.01656 -0.00114
     0.20    2.00    0.50  0.01114 -0.00075
     0.20    2.00    0.60  0.00760 -0.00051
     0.20    2.00    0.80  0.00364 -0.00025
     0.20    2.00    1.00  0.00179 -0.00013
     0.20    2.00    1.50  0.00028 -0.00003
     0.20    2.00    2.00  0.00001 -0.00001
     0.20    2.00    3.00  0.00000 -0.00000
     0.20    4.00    0.05  0.14410 -0.01327
     0.20    4.00    0.10  0.10018 -0.00888
     0.20    4.00    0.20  0.06132 -0.00456
     0.20    4.00    0.30  0.03947 -0.00265
     0.20    4.00    0.40  0.02607 -0.00165
     0.20    4.00    0.50  0.01753 -0.00108
     0.20    4.00    0.60  0.01194 -0.00073
     0.20    4.00    0.80  0.00568 -0.00037
     0.20    4.00    1.00  0.00274 -0.00020
     0.20    4.00    1.50  0.00039 -0.00005
     0.20    4.00    2.00  0.00000 -0.00002
     0.20    4.00    3.00  0.00000 -0.00000
     0.20    6.00    0.05  0.18216 -0.01981
     0.20    6.00    0.10  0.13084 -0.01303
     0.20    6.00    0.20  0.08165 -0.00650
     0.20    6.00    0.30  0.05285 -0.00370
     0.20    6.00    0.40  0.03495 -0.00228
     0.20    6.00    0.50  0.02348 -0.00149
     0.20    6.00    0.60  0.01595 -0.00101
     0.20    6.00    0.80  0.00751 -0.00051
     0.20    6.00    1.00  0.00356 -0.00028
     0.20    6.00    1.50  0.00043 -0.00008
     0.20    6.00    2.00  0.00000 -0.00003
     0.20    6.00    3.00  0.00000 -0.00000
     0.20    8.00    0.05  0.21057 -0.02799
     0.20    8.00    0.10  0.15713 -0.01818
     0.20    8.00    0.20  0.10019 -0.00889
     0.20    8.00    0.30  0.06521 -0.00499
     0.20    8.00    0.40  0.04318 -0.00305
     0.20    8.00    0.50  0.02898 -0.00199
     0.20    8.00    0.60  0.01964 -0.00135
     0.20    8.00    0.80  0.00916 -0.00069
     0.20    8.00    1.00  0.00427 -0.00039
     0.20    8.00    1.50  0.00042 -0.00012
     0.20    8.00    2.00  0.00000 -0.00004
     0.20    8.00    3.00  0.00000 -0.00000
     0.20   10.00    0.05  0.22933 -0.03797
     0.20   10.00    0.10  0.17906 -0.02444
     0.20   10.00    0.20  0.11692 -0.01178
     0.20   10.00    0.30  0.07657 -0.00655
     0.20   10.00    0.40  0.05078 -0.00400
     0.20   10.00    0.50  0.03405 -0.00260
     0.20   10.00    0.60  0.02301 -0.00178
     0.20   10.00    0.80  0.01062 -0.00092
     0.20   10.00    1.00  0.00484 -0.00053
     0.20   10.00    1.50  0.00035 -0.00018
     0.20   10.00    2.00  0.00000 -0.00005
     0.20   10.00    3.00  0.00000 -0.00000
     0.20   12.00    0.05  0.23844 -0.04991
     0.20   12.00    0.10  0.19661 -0.03191
     0.20   12.00    0.20  0.13184 -0.01524
     0.20   12.00    0.30  0.08693 -0.00843
     0.20   12.00    0.40  0.05774 -0.00513
     0.20   12.00    0.50  0.03867 -0.00334
     0.20   12.00    0.60  0.02606 -0.00229
     0.20   12.00    0.80  0.01189 -0.00120
     0.20   12.00    1.00  0.00529 -0.00070
     0.20   12.00    1.50  0.00022 -0.00025
     0.20   12.00    2.00  0.00000 -0.00006
     0.20   12.00    3.00  0.00000 -0.00000
     0.20   14.00    0.05  0.23791 -0.06395
     0.20   14.00    0.10  0.20980 -0.04070
     0.20   14.00    0.20  0.14496 -0.01932
     0.20   14.00    0.30  0.09628 -0.01066
     0.20   14.00    0.40  0.06405 -0.00649
     0.20   14.00    0.50  0.04286 -0.00423
     0.20   14.00    0.60  0.02879 -0.00291
     0.20   14.00    0.80  0.01297 -0.00154
     0.20   14.00    1.00  0.00562 -0.00092
     0.20   14.00    1.50  0.00004 -0.00034
     0.20   14.00    2.00  0.00000 -0.00008
     0.20   14.00    3.00  0.00000 -0.00000
     0.20   16.00    0.05  0.22773 -0.08024
     0.20   16.00    0.10  0.21861 -0.05091
     0.20   16.00    0.20  0.15628 -0.02409
     0.20   16.00    0.30  0.10463 -0.01327
     0.20   16.00    0.40  0.06973 -0.00808
     0.20   16.00    0.50  0.04660 -0.00529
     0.20   16.00    0.60  0.03120 -0.00365
     0.20   16.00    0.80  0.01385 -0.00196
     0.20   16.00    1.00  0.00582 -0.00118
     0.20   16.00    1.50  0.00000 -0.00042
     0.20   16.00    2.00  0.00000 -0.00010
     0.20   16.00    3.00  0.00000 -0.00000
     0.20   18.00    0.05  0.12700 -0.10390
     0.20   18.00    0.10  0.12700 -0.07147
     0.20   18.00    0.20  0.12700 -0.03443
     0.20   18.00    0.30  0.11197 -0.01630
     0.20   18.00    0.40  0.07477 -0.00994
     0.20   18.00    0.50  0.04990 -0.00652
     0.20   18.00    0.60  0.03329 -0.00452
     0.20   18.00    0.80  0.01455 -0.00245
     0.20   18.00    1.00  0.00589 -0.00149
     0.20   18.00    1.50  0.00000 -0.00051
     0.20   18.00    2.00  0.00000 -0.00011
     0.20   18.00    3.00  0.00000 -0.00000
     0.30   -2.00    0.05 -0.02873 -0.00180
     0.30   -2.00    0.10 -0.01849 -0.00137
     0.30   -2.00    0.20 -0.01077 -0.00086
     0.30   -2.00    0.30 -0.00684 -0.00056
     0.30   -2.00    0.40 -0.00450 -0.00038
     0.30   -2.00    0.50 -0.00303 -0.00026
     0.30   -2.00    0.60 -0.00208 -0.00018
     0.30   -2.00    0.80 -0.00101 -0.00009
     0.30   -2.00    1.00 -0.00051 -0.00005
     0.30   -2.00    1.50 -0.00010 -0.00001
     0.30   -2.00    2.00 -0.00002 -0.00000
     0.30   -2.00    3.00  0.00000 -0.00000
     0.30    0.00    0.05  0.04010 -0.00442
     0.30    0.00    0.10  0.02638 -0.00316
     0.30    0.00    0.20  0.01560 -0.00180
     0.30    0.00    0.30  0.00994 -0.00111
     0.30    0.00    0.40  0.00655 -0.00072
     0.30    0.00    0.50  0.00441 -0.00048
     0.30    0.00    0.60  0.00302 -0.00033
     0.30    0.00    0.80  0.00146 -0.00016
     0.30    0.00    1.00  0.00072 -0.00008
     0.30    0.00    1.50  0.00013 -0.00002
     0.30    0.00    2.00  0.00001 -0.00001
     0.30    0.00    3.00  0.00000 -0.00000
     0.30    2.00    0.05  0.09895 -0.00820
     0.30    2.00    0.10  0.06672 -0.00563
     0.30    2.00    0.20  0.04009 -0.00301
     0.30    2.00    0.30  0.02568 -0.00179
     0.30    2.00    0.40  0.01694 -0.00113
     0.30    2.00    0.50  0.01140 -0.00075
     0.30    2.00    0.60  0.00778 -0.00051
     0.30    2.00    0.80  0.00373 -0.00025
     0.30    2.00    1.00  0.00183 -0.00013
     0.30    2.00    1.50  0.00029 -0.00003
     0.30    2.00    2.00  0.00001 -0.00001
     0.30    2.00    3.00  0.00000 -0.00000
     0.30    4.00    0.05  0.14781 -0.01332
     0.30    4.00    0.10  0.10254 -0.00891
     0.30    4.00    0.20  0.06273 -0.00456
     0.30    4.00    0.30  0.04038 -0.00264
     0.30    4.00    0.40  0.02667 -0.00164
     0.30    4.00    0.50  0.01793 -0.00108
     0.30    4.00    0.60  0.01221 -0.00073
     0.30    4.00    0.80  0.00580 -0.00036
     0.30    4.00    1.00  0.00280 -0.00020
     0.30    4.00    1.50  0.00039 -0.00005
     0.30    4.00    2.00  0.00000 -0.00002
     0.30    4.00    3.00  0.00000 -0.00000
     0.30    6.00    0.05  0.18669 -0.01995
     0.30    6.00    0.10  0.13383 -0.01310
     0.30    6.00    0.20  0.08349 -0.00651
     0.30    6.00    0.30  0.05403 -0.00370
     0.30    6.00    0.40  0.03573 -0.00228
     0.30    6.00    0.50  0.02400 -0.00148
     0.30    6.00    0.60  0.01630 -0.00101
     0.30    6.00    0.80  0.00768 -0.00051
     0.30    6.00    1.00  0.00364 -0.00028
     0.30    6.00    1.50  0.00044 -0.00008
     0.30    6.00    2.00  0.00000 -0.00003
     0.30    6.00    3.00  0.00000 -0.00000
     0.30    8.00    0.05  0.21559 -0.02826
     0.30    8.00    0.10  0.16061 -0.01832
     0.30    8.00    0.20  0.10239 -0.00893
     0.30    8.00    0.30  0.06665 -0.00500
     0.30    8.00    0.40  0.04413 -0.00306
     0.30    8.00    0.50  0.02962 -0.00199
     0.30    8.00    0.60  0.02007 -0.00135
     0.30    8.00    0.80  0.00936 -0.00069
     0.30    8.00    1.00  0.00435 -0.00039
     0.30    8.00    1.50  0.00043 -0.00013
     0.30    8.00    2.00  0.00000 -0.00004
     0.30    8.00    3.00  0.00000 -0.00000
     0.30   10.00    0.05  0.23450 -0.03841
     0.30   10.00    0.10  0.18286 -0.02469
     0.30   10.00    0.20  0.11942 -0.01186
     0.30   10.00    0.30  0.07822 -0.00658
     0.30   10.00    0.40  0.05187 -0.00401
     0.30   10.00    0.50  0.03478 -0.00261
     0.30   10.00    0.60  0.02350 -0.00178
     0.30   10.00    0.80  0.01084 -0.00092
     0.30   10.00    1.00  0.00494 -0.00053
     0.30   10.00    1.50  0.00035 -0.00018
     0.30   10.00    2.00  0.00000 -0.00005
     0.30   10.00    3.00  0.00000 -0.00000
     0.30   12.00    0.05  0.24343 -0.05058
     0.30   12.00    0.10  0.20059 -0.03230
     0.30   12.00    0.20  0.13459 -0.01537
     0.30   12.00    0.30  0.08876 -0.00849
     0.30   12.00    0.40  0.05895 -0.00516
     0.30   12.00    0.50  0.03948 -0.00336
     0.30   12.00    0.60  0.02660 -0.00230
     0.30   12.00    0.80  0.01213 -0.00121
     0.30   12.00    1.00  0.00539 -0.00071
     0.30   12.00    1.50  0.00022 -0.00026
     0.30   12.00    2.00  0.00000 -0.00006
     0.30   12.00    3.00  0.00000 -0.00000
     0.30   14.00    0.05  0.24237 -0.06491
     0.30   14.00    0.10  0.21380 -0.04126
     0.30   14.00    0.20  0.14788 -0.01953
     0.30   14.00    0.30  0.09825 -0.01075
     0.30   14.00    0.40  0.06537 -0.00653
     0.30   14.00    0.50  0.04373 -0.00426
     0.30   14.00    0.60  0.02937 -0.00293
     0.30   14.00    0.80  0.01322 -0.00156
     0.30   14.00    1.00  0.00571 -0.00093
     0.30   14.00    1.50  0.00002 -0.00035
     0.30   14.00    2.00  0.00000 -0.00008
     0.30   14.00    3.00  0.00000 -0.00000
     0.30   16.00    0.05  0.23133 -0.08156
     0.30   16.00    0.10  0.22249 -0.05169
     0.30   16.00    0.20  0.15932 -0.02439
     0.30   16.00    0.30  0.10671 -0.01341
     0.30   16.00    0.40  0.07112 -0.00815
     0.30   16.00    0.50  0.04752 -0.00533
     0.30   16.00    0.60  0.03181 -0.00368
     0.30   16.00    0.80  0.01411 -0.00198
     0.30   16.00    1.00  0.00591 -0.00119
     0.30   16.00    1.50  0.00000 -0.00043
     0.30   16.00    2.00  0.00000 -0.00010
     0.30   16.00    3.00  0.00000 -0.00000
     0.30   18.00    0.05  0.09556 -0.10771
     0.30   18.00    0.10  0.09556 -0.07569
     0.30   18.00    0.20  0.09556 -0.03911
     0.30   18.00    0.30  0.09556 -0.01911
     0.30   18.00    0.40  0.07621 -0.01005
     0.30   18.00    0.50  0.05086 -0.00659
     0.30   18.00    0.60  0.03391 -0.00457
     0.30   18.00    0.80  0.01480 -0.00248
     0.30   18.00    1.00  0.00597 -0.00151
     0.30   18.00    1.50  0.00000 -0.00052
     0.30   18.00    2.00  0.00000 -0.00012
     0.30   18.00    3.00  0.00000 -0.00000
     0.40   -2.00    0.05 -0.02989 -0.00175
     0.40   -2.00    0.10 -0.01917 -0.00134
     0.40   -2.00    0.20 -0.01115 -0.00084
     0.40   -2.00    0.30 -0.00707 -0.00055
     0.40   -2.00    0.40 -0.00466 -0.00037
     0.40   -2.00    0.50 -0.00314 -0.00025
     0.40   -2.00    0.60 -0.00215 -0.00018
     0.40   -2.00    0.80 -0.00105 -0.00009
     0.40   -2.00    1.00 -0.00053 -0.00004
     0.40   -2.00    1.50 -0.00010 -0.00001
     0.40   -2.00    2.00 -0.00002 -0.00000
     0.40   -2.00    3.00  0.00000 -0.00000
     0.40    0.00    0.05  0.04169 -0.00441
     0.40    0.00    0.10  0.02732 -0.00314
     0.40    0.00    0.20  0.01613 -0.00179
     0.40    0.00    0.30  0.01028 -0.00110
     0.40    0.00    0.40  0.00677 -0.00072
     0.40    0.00    0.50  0.00456 -0.00048
     0.40    0.00    0.60  0.00312 -0.00033
     0.40    0.00    0.80  0.00151 -0.00016
     0.40    0.00    1.00  0.00075 -0.00008
     0.40    0.00    1.50  0.00013 -0.00002
     0.40    0.00    2.00  0.00001 -0.00000
     0.40    0.00    3.00  0.00000 -0.00000
     0.40    2.00    0.05  0.10277 -0.00826
     0.40    2.00    0.10  0.06906 -0.00566
     0.40    2.00    0.20  0.04145 -0.00301
     0.40    2.00    0.30  0.02654 -0.00179
     0.40    2.00    0.40  0.01751 -0.00113
     0.40    2.00    0.50  0.01178 -0.00075
     0.40    2.00    0.60  0.00804 -0.00051
     0.40    2.00    0.80  0.00385 -0.00025
     0.40    2.00    1.00  0.00189 -0.00013
     0.40    2.00    1.50  0.00030 -0.00003
     0.40    2.00    2.00  0.00001 -0.00001
     0.40    2.00    3.00  0.00000 -0.00000
     0.40    4.00    0.05  0.15335 -0.01349
     0.40    4.00    0.10  0.10603 -0.00900
     0.40    4.00    0.20  0.06481 -0.00459
     0.40    4.00    0.30  0.04171 -0.00265
     0.40    4.00    0.40  0.02755 -0.00165
     0.40    4.00    0.50  0.01852 -0.00108
     0.40    4.00    0.60  0.01261 -0.00073
     0.40    4.00    0.80  0.00599 -0.00036
     0.40    4.00    1.00  0.00289 -0.00020
     0.40    4.00    1.50  0.00041 -0.00005
     0.40    4.00    2.00  0.00000 -0.00002
     0.40    4.00    3.00  0.00000 -0.00000
     0.40    6.00    0.05  0.19343 -0.02029
     0.40    6.00    0.10  0.13826 -0.01330
     0.40    6.00    0.20  0.08621 -0.00658
     0.40    6.00    0.30  0.05579 -0.00372
     0.40    6.00    0.40  0.03689 -0.00229
     0.40    6.00    0.50  0.02478 -0.00149
     0.40    6.00    0.60  0.01683 -0.00101
     0.40    6.00    0.80  0.00792 -0.00051
     0.40    6.00    1.00  0.00375 -0.00028
     0.40    6.00    1.50  0.00045 -0.00009
     0.40    6.00    2.00  0.00000 -0.00003
     0.40    6.00    3.00  0.00000 -0.00000
     0.40    8.00    0.05  0.22301 -0.02886
     0.40    8.00    0.10  0.16572 -0.01868
     0.40    8.00    0.20  0.10564 -0.00905
     0.40    8.00    0.30  0.06877 -0.00505
     0.40    8.00    0.40  0.04553 -0.00308
     0.40    8.00    0.50  0.03055 -0.00200
     0.40    8.00    0.60  0.02070 -0.00136
     0.40    8.00    0.80  0.00965 -0.00070
     0.40    8.00    1.00  0.00448 -0.00039
     0.40    8.00    1.50  0.00043 -0.00013
     0.40    8.00    2.00  0.00000 -0.00004
     0.40    8.00    3.00  0.00000 -0.00000
     0.40   10.00    0.05  0.24210 -0.03936
     0.40   10.00    0.10  0.18844 -0.02524
     0.40   10.00    0.20  0.12311 -0.01207
     0.40   10.00    0.30  0.08065 -0.00667
     0.40   10.00    0.40  0.05348 -0.00405
     0.40   10.00    0.50  0.03585 -0.00263
     0.40   10.00    0.60  0.02422 -0.00180
     0.40   10.00    0.80  0.01117 -0.00093
     0.40   10.00    1.00  0.00508 -0.00054
     0.40   10.00    1.50  0.00035 -0.00019
     0.40   10.00    2.00  0.00000 -0.00005
     0.40   10.00    3.00  0.00000 -0.00000
     0.40   12.00    0.05  0.25068 -0.05196
     0.40   12.00    0.10  0.20640 -0.03312
     0.40   12.00    0.20  0.13861 -0.01569
     0.40   12.00    0.30  0.09145 -0.00863
     0.40   12.00    0.40  0.06074 -0.00524
     0.40   12.00    0.50  0.04067 -0.00341
     0.40   12.00    0.60  0.02740 -0.00233
     0.40   12.00    0.80  0.01247 -0.00123
     0.40   12.00    1.00  0.00553 -0.00072
     0.40   12.00    1.50  0.00021 -0.00027
     0.40   12.00    2.00  0.00000 -0.00007
     0.40   12.00    3.00  0.00000 -0.00000
     0.40   14.00    0.05  0.24877 -0.06684
     0.40   14.00    0.10  0.21960 -0.04242
     0.40   14.00    0.20  0.15216 -0.01999
     0.40   14.00    0.30  0.10114 -0.01097
     0.40   14.00    0.40  0.06729 -0.00665
     0.40   14.00    0.50  0.04501 -0.00434
     0.40   14.00    0.60  0.03022 -0.00298
     0.40   14.00    0.80  0.01358 -0.00159
     0.40   14.00    1.00  0.00585 -0.00095
     0.40   14.00    1.50  0.00000 -0.00036
     0.40   14.00    2.00  0.00000 -0.00008
     0.40   14.00    3.00  0.00000 -0.00000
     0.40   16.00    0.05  0.23636 -0.08415
     0.40   16.00    0.10  0.22805 -0.05325
     0.40   16.00    0.20  0.16374 -0.02502
     0.40   16.00    0.30  0.10975 -0.01371
     0.40   16.00    0.40  0.07316 -0.00833
     0.40   16.00    0.50  0.04887 -0.00544
     0.40   16.00    0.60  0.03269 -0.00376
     0.40   16.00    0.80  0.01447 -0.00203
     0.40   16.00    1.00  0.00603 -0.00123
     0.40   16.00    1.50  0.00000 -0.00044
     0.40   16.00    2.00  0.00000 -0.00010
     0.40   16.00    3.00  0.00000 -0.00000
     0.40   18.00    0.05  0.04855 -0.11421
     0.40   18.00    0.10  0.04855 -0.08256
     0.40   18.00    0.20  0.04855 -0.04640
     0.40   18.00    0.30  0.04855 -0.02663
     0.40   18.00    0.40  0.04855 -0.01478
     0.40   18.00    0.50  0.04855 -0.00733
     0.40   18.00    0.60  0.03482 -0.00468
     0.40   18.00    0.80  0.01516 -0.00255
     0.40   18.00    1.00  0.00608 -0.00157
     0.40   18.00    1.50  0.00000 -0.00053
     0.40   18.00    2.00  0.00000 -0.00012
     0.40   18.00    3.00  0.00000 -0.00000
     0.50   -2.00    0.05 -0.03154 -0.00170
     0.50   -2.00    0.10 -0.02012 -0.00130
     0.50   -2.00    0.20 -0.01168 -0.00082
     0.50   -2.00    0.30 -0.00741 -0.00054
     0.50   -2.00    0.40 -0.00487 -0.00036
     0.50   -2.00    0.50 -0.00328 -0.00025
     0.50   -2.00    0.60 -0.00225 -0.00017
     0.50   -2.00    0.80 -0.00110 -0.00008
     0.50   -2.00    1.00 -0.00055 -0.00004
     0.50   -2.00    1.50 -0.00011 -0.00001
     0.50   -2.00    2.00 -0.00002 -0.00000
     0.50   -2.00    3.00  0.00000 -0.00000
     0.50    0.00    0.05  0.04393 -0.00441
     0.50    0.00    0.10  0.02865 -0.00314
     0.50    0.00    0.20  0.01689 -0.00178
     0.50    0.00    0.30  0.01076 -0.00110
     0.50    0.00    0.40  0.00709 -0.00071
     0.50    0.00    0.50  0.00477 -0.00048
     0.50    0.00    0.60  0.00326 -0.00033
     0.50    0.00    0.80  0.00158 -0.00016
     0.50    0.00    1.00  0.00078 -0.00008
     0.50    0.00    1.50  0.00014 -0.00002
     0.50    0.00    2.00  0.00001 -0.00000
     0.50    0.00    3.00  0.00000 -0.00000
     0.50    2.00    0.05  0.10816 -0.00836
     0.50    2.00    0.10  0.07233 -0.00572
     0.50    2.00    0.20  0.04336 -0.00303
     0.50    2.00    0.30  0.02775 -0.00179
     0.50    2.00    0.40  0.01830 -0.00113
     0.50    2.00    0.50  0.01231 -0.00075
     0.50    2.00    0.60  0.00840 -0.00051
     0.50    2.00    0.80  0.00403 -0.00025
     0.50    2.00    1.00  0.00197 -0.00013
     0.50    2.00    1.50  0.00031 -0.00003
     0.50    2.00    2.00  0.00001 -0.00001
     0.50    2.00    3.00  0.00000 -0.00000
     0.50    4.00    0.05  0.16113 -0.01378
     0.50    4.00    0.10  0.11091 -0.00918
     0.50    4.00    0.20  0.06772 -0.00465
     0.50    4.00    0.30  0.04357 -0.00267
     0.50    4.00    0.40  0.02877 -0.00166
     0.50    4.00    0.50  0.01934 -0.00108
     0.50    4.00    0.60  0.01317 -0.00073
     0.50    4.00    0.80  0.00626 -0.00037
     0.50    4.00    1.00  0.00301 -0.00020
     0.50    4.00    1.50  0.00042 -0.00006
     0.50    4.00    2.00  0.00000 -0.00002
     0.50    4.00    3.00  0.00000 -0.00000
     0.50    6.00    0.05  0.20286 -0.02087
     0.50    6.00    0.10  0.14440 -0.01365
     0.50    6.00    0.20  0.08998 -0.00671
     0.50    6.00    0.30  0.05822 -0.00377
     0.50    6.00    0.40  0.03850 -0.00231
     0.50    6.00    0.50  0.02585 -0.00150
     0.50    6.00    0.60  0.01756 -0.00102
     0.50    6.00    0.80  0.00826 -0.00052
     0.50    6.00    1.00  0.00391 -0.00029
     0.50    6.00    1.50  0.00046 -0.00009
     0.50    6.00    2.00  0.00000 -0.00003
     0.50    6.00    3.00  0.00000 -0.00000
     0.50    8.00    0.05  0.23333 -0.02984
     0.50    8.00    0.10  0.17279 -0.01926
     0.50    8.00    0.20  0.11014 -0.00927
     0.50    8.00    0.30  0.07170 -0.00515
     0.50    8.00    0.40  0.04748 -0.00313
     0.50    8.00    0.50  0.03185 -0.00203
     0.50    8.00    0.60  0.02157 -0.00138
     0.50    8.00    0.80  0.01005 -0.00071
     0.50    8.00    1.00  0.00466 -0.00040
     0.50    8.00    1.50  0.00044 -0.00013
     0.50    8.00    2.00  0.00000 -0.00004
     0.50    8.00    3.00  0.00000 -0.00000
     0.50   10.00    0.05  0.25256 -0.04087
     0.50   10.00    0.10  0.19609 -0.02615
     0.50   10.00    0.20  0.12819 -0.01242
     0.50   10.00    0.30  0.08401 -0.00683
     0.50   10.00    0.40  0.05571 -0.00414
     0.50   10.00    0.50  0.03734 -0.00269
     0.50   10.00    0.60  0.02522 -0.00183
     0.50   10.00    0.80  0.01161 -0.00096
     0.50   10.00    1.00  0.00526 -0.00056
     0.50   10.00    1.50  0.00035 -0.00020
     0.50   10.00    2.00  0.00000 -0.00005
     0.50   10.00    3.00  0.00000 -0.00000
     0.50   12.00    0.05  0.26054 -0.05417
     0.50   12.00    0.10  0.21430 -0.03444
     0.50   12.00    0.20  0.14414 -0.01622
     0.50   12.00    0.30  0.09514 -0.00888
     0.50   12.00    0.40  0.06319 -0.00537
     0.50   12.00    0.50  0.04231 -0.00349
     0.50   12.00    0.60  0.02848 -0.00239
     0.50   12.00    0.80  0.01295 -0.00127
     0.50   12.00    1.00  0.00572 -0.00075
     0.50   12.00    1.50  0.00019 -0.00028
     0.50   12.00    2.00  0.00000 -0.00007
     0.50   12.00    3.00  0.00000 -0.00000
     0.50   14.00    0.05  0.25727 -0.06990
     0.50   14.00    0.10  0.22740 -0.04426
     0.50   14.00    0.20  0.15799 -0.02074
     0.50   14.00    0.30  0.10510 -0.01133
     0.50   14.00    0.40  0.06994 -0.00686
     0.50   14.00    0.50  0.04677 -0.00447
     0.50   14.00    0.60  0.03138 -0.00308
     0.50   14.00    0.80  0.01406 -0.00165
     0.50   14.00    1.00  0.00603 -0.00099
     0.50   14.00    1.50  0.00000 -0.00038
     0.50   14.00    2.00  0.00000 -0.00009
     0.50   14.00    3.00  0.00000 -0.00000
     0.50   16.00    0.05  0.17703 -0.09217
     0.50   16.00    0.10  0.17703 -0.06090
     0.50   16.00    0.20  0.16973 -0.02605
     0.50   16.00    0.30  0.11389 -0.01423
     0.50   16.00    0.40  0.07593 -0.00862
     0.50   16.00    0.50  0.05071 -0.00563
     0.50   16.00    0.60  0.03390 -0.00390
     0.50   16.00    0.80  0.01496 -0.00211
     0.50   16.00    1.00  0.00620 -0.00129
     0.50   16.00    1.50  0.00000 -0.00047
     0.50   16.00    2.00  0.00000 -0.00010
     0.50   16.00    3.00  0.00000 -0.00000
     0.50   18.00    0.05  0.00000 -0.12093
     0.50   18.00    0.10  0.00000 -0.08966
     0.50   18.00    0.20  0.00000 -0.05394
     0.50   18.00    0.30  0.00000 -0.03441
     0.50   18.00    0.40  0.00000 -0.02271
     0.50   18.00    0.50  0.00000 -0.01535
     0.50   18.00    0.60  0.00000 -0.01055
     0.50   18.00    0.80  0.00000 -0.00519
     0.50   18.00    1.00  0.00000 -0.00265
     0.50   18.00    1.50  0.00000 -0.00055
     0.50   18.00    2.00  0.00000 -0.00012
     0.50   18.00    3.00  0.00000 -0.00000