#
#  Clean / Free Air Aerodynamics
#  Copy of GASP_aero_free.txt with alpha above 10 removed
#  Reference Area = 1370. sqft
#  Altitude  Mach   ALPHA   CLTOT     CD
#    (ft)     (-)   (deg)    (-)     (-)
#
     0.0    0.00    -2.0 -0.0715  0.00363
     0.0    0.00     0.0  0.1072  0.00384
     0.0    0.00     2.0  0.2860  0.00621
     0.0    0.00     4.0  0.4647  0.01072
     0.0    0.00     6.0  0.6434  0.01737
     0.0    0.00     8.0  0.8222  0.02618
     0.0    0.00    10.0  1.0009  0.03713
     0.0    0.20    -2.0 -0.0724  0.01841
     0.0    0.20     0.0  0.1086  0.01867
     0.0    0.20     2.0  0.2896  0.02152
     0.0    0.20     4.0  0.4706  0.02695
     0.0    0.20     6.0  0.6517  0.03498
     0.0    0.20     8.0  0.8327  0.04559
     0.0    0.20    10.0  1.0137  0.05878
     0.0    0.40    -2.0 -0.0754  0.01689
     0.0    0.40     0.0  0.1131  0.01716
     0.0    0.40     2.0  0.3016  0.02020
     0.0    0.40     4.0  0.4901  0.02600
     0.0    0.40     6.0  0.6786  0.03455
     0.0    0.40     8.0  0.8670  0.04587
     0.0    0.40    10.0  1.0555  0.05995
     0.0    0.50    -2.0 -0.0779  0.01639
     0.0    0.50     0.0  0.1169  0.01668
     0.0    0.50     2.0  0.3117  0.01991
     0.0    0.50     4.0  0.5065  0.02607
     0.0    0.50     6.0  0.7013  0.03515
     0.0    0.50     8.0  0.8961  0.04717
     0.0    0.50    10.0  1.0909  0.06212
     0.0    0.60    -2.0 -0.0814  0.01598
     0.0    0.60     0.0  0.1221  0.01629
     0.0    0.60     2.0  0.3257  0.01980
     0.0    0.60     4.0  0.5293  0.02648
     0.0    0.60     6.0  0.7329  0.03636
     0.0    0.60     8.0  0.9365  0.04941
     0.0    0.60    10.0  1.1401  0.06566
     0.0    0.70    -2.0 -0.0863  0.01561
     0.0    0.70     0.0  0.1295  0.01597
     0.0    0.70     2.0  0.3454  0.01989
     0.0    0.70     4.0  0.5613  0.02737
     0.0    0.70     6.0  0.7771  0.03842
     0.0    0.70     8.0  0.9930  0.05303
     0.0    0.70    10.0  1.2089  0.07136
     0.0    0.75    -2.0 -0.0896  0.01545
     0.0    0.75     0.0  0.1343  0.01583
     0.0    0.75     2.0  0.3582  0.02004
     0.0    0.75     4.0  0.5822  0.02807
     0.0    0.75     6.0  0.8061  0.04007
     0.0    0.75     8.0  1.0300  0.05703
     0.0    0.75    10.0  1.2539  0.08031
     0.0    0.80    -2.0 -0.0935  0.01530
     0.0    0.80     0.0  0.1402  0.01571
     0.0    0.80     2.0  0.3740  0.02036
     0.0    0.80     4.0  0.6077  0.03020
     0.0    0.80     6.0  0.8414  0.04673
     0.0    0.80     8.0  1.0751  0.07150
     0.0    0.80    10.0  1.3089  0.10604
     0.0    0.85    -2.0 -0.0984  0.01517
     0.0    0.85     0.0  0.1476  0.01631
     0.0    0.85     2.0  0.3936  0.02441
     0.0    0.85     4.0  0.6396  0.04125
     0.0    0.85     6.0  0.8855  0.06862
     0.0    0.85     8.0  1.1315  0.10830
     0.0    0.85    10.0  1.3775  0.16207
     0.0    0.90    -2.0 -0.1047  0.01712
     0.0    0.90     0.0  0.1571  0.02339
     0.0    0.90     2.0  0.4188  0.04088
     0.0    0.90     4.0  0.6806  0.07174
     0.0    0.90     6.0  0.9424  0.11809
     0.0    0.90     8.0  1.2041  0.18211
     0.0    0.90    10.0  1.4659  0.26594
  3000.0    0.00    -2.0 -0.0715  0.00363
  3000.0    0.00     0.0  0.1072  0.00384
  3000.0    0.00     2.0  0.2860  0.00621
  3000.0    0.00     4.0  0.4647  0.01072
  3000.0    0.00     6.0  0.6434  0.01737
  3000.0    0.00     8.0  0.8222  0.02618
  3000.0    0.00    10.0  1.0009  0.03713
  3000.0    0.20    -2.0 -0.0724  0.01859
  3000.0    0.20     0.0  0.1086  0.01885
  3000.0    0.20     2.0  0.2896  0.02170
  3000.0    0.20     4.0  0.4706  0.02715
  3000.0    0.20     6.0  0.6517  0.03519
  3000.0    0.20     8.0  0.8327  0.04582
  3000.0    0.20    10.0  1.0137  0.05904
  3000.0    0.40    -2.0 -0.0754  0.01704
  3000.0    0.40     0.0  0.1131  0.01732
  3000.0    0.40     2.0  0.3016  0.02036
  3000.0    0.40     4.0  0.4901  0.02617
  3000.0    0.40     6.0  0.6786  0.03474
  3000.0    0.40     8.0  0.8670  0.04607
  3000.0    0.40    10.0  1.0555  0.06017
  3000.0    0.50    -2.0 -0.0779  0.01654
  3000.0    0.50     0.0  0.1169  0.01683
  3000.0    0.50     2.0  0.3117  0.02006
  3000.0    0.50     4.0  0.5065  0.02623
  3000.0    0.50     6.0  0.7013  0.03533
  3000.0    0.50     8.0  0.8961  0.04737
  3000.0    0.50    10.0  1.0909  0.06234
  3000.0    0.60    -2.0 -0.0814  0.01612
  3000.0    0.60     0.0  0.1221  0.01644
  3000.0    0.60     2.0  0.3257  0.01994
  3000.0    0.60     4.0  0.5293  0.02664
  3000.0    0.60     6.0  0.7329  0.03653
  3000.0    0.60     8.0  0.9365  0.04961
  3000.0    0.60    10.0  1.1401  0.06587
  3000.0    0.70    -2.0 -0.0863  0.01575
  3000.0    0.70     0.0  0.1295  0.01611
  3000.0    0.70     2.0  0.3454  0.02003
  3000.0    0.70     4.0  0.5613  0.02753
  3000.0    0.70     6.0  0.7771  0.03859
  3000.0    0.70     8.0  0.9930  0.05322
  3000.0    0.70    10.0  1.2089  0.07157
  3000.0    0.75    -2.0 -0.0896  0.01558
  3000.0    0.75     0.0  0.1343  0.01597
  3000.0    0.75     2.0  0.3582  0.02018
  3000.0    0.75     4.0  0.5822  0.02822
  3000.0    0.75     6.0  0.8061  0.04024
  3000.0    0.75     8.0  1.0300  0.05722
  3000.0    0.75    10.0  1.2539  0.08052
  3000.0    0.80    -2.0 -0.0935  0.01543
  3000.0    0.80     0.0  0.1402  0.01584
  3000.0    0.80     2.0  0.3740  0.02050
  3000.0    0.80     4.0  0.6077  0.03034
  3000.0    0.80     6.0  0.8414  0.04690
  3000.0    0.80     8.0  1.0751  0.07169
  3000.0    0.80    10.0  1.3089  0.10626
  3000.0    0.85    -2.0 -0.0984  0.01530
  3000.0    0.85     0.0  0.1476  0.01644
  3000.0    0.85     2.0  0.3936  0.02454
  3000.0    0.85     4.0  0.6396  0.04140
  3000.0    0.85     6.0  0.8855  0.06878
  3000.0    0.85     8.0  1.1315  0.10849
  3000.0    0.85    10.0  1.3775  0.16229
  3000.0    0.90    -2.0 -0.1047  0.01724
  3000.0    0.90     0.0  0.1571  0.02352
  3000.0    0.90     2.0  0.4188  0.04102
  3000.0    0.90     4.0  0.6806  0.07188
  3000.0    0.90     6.0  0.9424  0.11826
  3000.0    0.90     8.0  1.2041  0.18231
  3000.0    0.90    10.0  1.4659  0.26617
  6000.0    0.00    -2.0 -0.0715  0.00363
  6000.0    0.00     0.0  0.1072  0.00384
  6000.0    0.00     2.0  0.2860  0.00621
  6000.0    0.00     4.0  0.4647  0.01072
  6000.0    0.00     6.0  0.6434  0.01737
  6000.0    0.00     8.0  0.8222  0.02618
  6000.0    0.00    10.0  1.0009  0.03713
  6000.0    0.20    -2.0 -0.0724  0.01878
  6000.0    0.20     0.0  0.1086  0.01904
  6000.0    0.20     2.0  0.2896  0.02190
  6000.0    0.20     4.0  0.4706  0.02735
  6000.0    0.20     6.0  0.6517  0.03540
  6000.0    0.20     8.0  0.8327  0.04605
  6000.0    0.20    10.0  1.0137  0.05930
  6000.0    0.40    -2.0 -0.0754  0.01720
  6000.0    0.40     0.0  0.1131  0.01748
  6000.0    0.40     2.0  0.3016  0.02053
  6000.0    0.40     4.0  0.4901  0.02634
  6000.0    0.40     6.0  0.6786  0.03493
  6000.0    0.40     8.0  0.8670  0.04628
  6000.0    0.40    10.0  1.0555  0.06040
  6000.0    0.50    -2.0 -0.0779  0.01669
  6000.0    0.50     0.0  0.1169  0.01699
  6000.0    0.50     2.0  0.3117  0.02022
  6000.0    0.50     4.0  0.5065  0.02640
  6000.0    0.50     6.0  0.7013  0.03551
  6000.0    0.50     8.0  0.8961  0.04757
  6000.0    0.50    10.0  1.0909  0.06256
  6000.0    0.60    -2.0 -0.0814  0.01626
  6000.0    0.60     0.0  0.1221  0.01658
  6000.0    0.60     2.0  0.3257  0.02010
  6000.0    0.60     4.0  0.5293  0.02680
  6000.0    0.60     6.0  0.7329  0.03671
  6000.0    0.60     8.0  0.9365  0.04980
  6000.0    0.60    10.0  1.1401  0.06609
  6000.0    0.70    -2.0 -0.0863  0.01589
  6000.0    0.70     0.0  0.1295  0.01625
  6000.0    0.70     2.0  0.3454  0.02018
  6000.0    0.70     4.0  0.5613  0.02768
  6000.0    0.70     6.0  0.7771  0.03876
  6000.0    0.70     8.0  0.9930  0.05342
  6000.0    0.70    10.0  1.2089  0.07179
  6000.0    0.75    -2.0 -0.0896  0.01572
  6000.0    0.75     0.0  0.1343  0.01610
  6000.0    0.75     2.0  0.3582  0.02032
  6000.0    0.75     4.0  0.5822  0.02838
  6000.0    0.75     6.0  0.8061  0.04041
  6000.0    0.75     8.0  1.0300  0.05742
  6000.0    0.75    10.0  1.2539  0.08075
  6000.0    0.80    -2.0 -0.0935  0.01556
  6000.0    0.80     0.0  0.1402  0.01598
  6000.0    0.80     2.0  0.3740  0.02064
  6000.0    0.80     4.0  0.6077  0.03050
  6000.0    0.80     6.0  0.8414  0.04707
  6000.0    0.80     8.0  1.0751  0.07189
  6000.0    0.80    10.0  1.3089  0.10649
  6000.0    0.85    -2.0 -0.0984  0.01543
  6000.0    0.85     0.0  0.1476  0.01657
  6000.0    0.85     2.0  0.3936  0.02468
  6000.0    0.85     4.0  0.6396  0.04155
  6000.0    0.85     6.0  0.8855  0.06896
  6000.0    0.85     8.0  1.1315  0.10869
  6000.0    0.85    10.0  1.3775  0.16253
  6000.0    0.90    -2.0 -0.1047  0.01737
  6000.0    0.90     0.0  0.1571  0.02365
  6000.0    0.90     2.0  0.4188  0.04116
  6000.0    0.90     4.0  0.6806  0.07204
  6000.0    0.90     6.0  0.9424  0.11844
  6000.0    0.90     8.0  1.2041  0.18252
  6000.0    0.90    10.0  1.4659  0.26642
  9000.0    0.00    -2.0 -0.0715  0.00363
  9000.0    0.00     0.0  0.1072  0.00384
  9000.0    0.00     2.0  0.2860  0.00621
  9000.0    0.00     4.0  0.4647  0.01072
  9000.0    0.00     6.0  0.6434  0.01737
  9000.0    0.00     8.0  0.8222  0.02618
  9000.0    0.00    10.0  1.0009  0.03713
  9000.0    0.20    -2.0 -0.0724  0.01898
  9000.0    0.20     0.0  0.1086  0.01924
  9000.0    0.20     2.0  0.2896  0.02210
  9000.0    0.20     4.0  0.4706  0.02756
  9000.0    0.20     6.0  0.6517  0.03563
  9000.0    0.20     8.0  0.8327  0.04630
  9000.0    0.20    10.0  1.0137  0.05958
  9000.0    0.40    -2.0 -0.0754  0.01737
  9000.0    0.40     0.0  0.1131  0.01765
  9000.0    0.40     2.0  0.3016  0.02070
  9000.0    0.40     4.0  0.4901  0.02653
  9000.0    0.40     6.0  0.6786  0.03512
  9000.0    0.40     8.0  0.8670  0.04650
  9000.0    0.40    10.0  1.0555  0.06064
  9000.0    0.50    -2.0 -0.0779  0.01685
  9000.0    0.50     0.0  0.1169  0.01715
  9000.0    0.50     2.0  0.3117  0.02039
  9000.0    0.50     4.0  0.5065  0.02657
  9000.0    0.50     6.0  0.7013  0.03570
  9000.0    0.50     8.0  0.8961  0.04778
  9000.0    0.50    10.0  1.0909  0.06280
  9000.0    0.60    -2.0 -0.0814  0.01641
  9000.0    0.60     0.0  0.1221  0.01673
  9000.0    0.60     2.0  0.3257  0.02025
  9000.0    0.60     4.0  0.5293  0.02697
  9000.0    0.60     6.0  0.7329  0.03689
  9000.0    0.60     8.0  0.9365  0.05001
  9000.0    0.60    10.0  1.1401  0.06632
  9000.0    0.70    -2.0 -0.0863  0.01603
  9000.0    0.70     0.0  0.1295  0.01639
  9000.0    0.70     2.0  0.3454  0.02033
  9000.0    0.70     4.0  0.5613  0.02785
  9000.0    0.70     6.0  0.7771  0.03894
  9000.0    0.70     8.0  0.9930  0.05362
  9000.0    0.70    10.0  1.2089  0.07202
  9000.0    0.75    -2.0 -0.0896  0.01586
  9000.0    0.75     0.0  0.1343  0.01625
  9000.0    0.75     2.0  0.3582  0.02047
  9000.0    0.75     4.0  0.5822  0.02854
  9000.0    0.75     6.0  0.8061  0.04059
  9000.0    0.75     8.0  1.0300  0.05762
  9000.0    0.75    10.0  1.2539  0.08098
  9000.0    0.80    -2.0 -0.0935  0.01570
  9000.0    0.80     0.0  0.1402  0.01612
  9000.0    0.80     2.0  0.3740  0.02079
  9000.0    0.80     4.0  0.6077  0.03066
  9000.0    0.80     6.0  0.8414  0.04725
  9000.0    0.80     8.0  1.0751  0.07210
  9000.0    0.80    10.0  1.3089  0.10672
  9000.0    0.85    -2.0 -0.0984  0.01557
  9000.0    0.85     0.0  0.1476  0.01671
  9000.0    0.85     2.0  0.3936  0.02483
  9000.0    0.85     4.0  0.6396  0.04171
  9000.0    0.85     6.0  0.8855  0.06914
  9000.0    0.85     8.0  1.1315  0.10890
  9000.0    0.85    10.0  1.3775  0.16277
  9000.0    0.90    -2.0 -0.1047  0.01751
  9000.0    0.90     0.0  0.1571  0.02379
  9000.0    0.90     2.0  0.4188  0.04130
  9000.0    0.90     4.0  0.6806  0.07220
  9000.0    0.90     6.0  0.9424  0.11862
  9000.0    0.90     8.0  1.2041  0.18273
  9000.0    0.90    10.0  1.4659  0.26667
 12000.0    0.00    -2.0 -0.0715  0.00363
 12000.0    0.00     0.0  0.1072  0.00384
 12000.0    0.00     2.0  0.2860  0.00621
 12000.0    0.00     4.0  0.4647  0.01072
 12000.0    0.00     6.0  0.6434  0.01737
 12000.0    0.00     8.0  0.8222  0.02618
 12000.0    0.00    10.0  1.0009  0.03713
 12000.0    0.20    -2.0 -0.0724  0.01918
 12000.0    0.20     0.0  0.1086  0.01944
 12000.0    0.20     2.0  0.2896  0.02231
 12000.0    0.20     4.0  0.4706  0.02778
 12000.0    0.20     6.0  0.6517  0.03587
 12000.0    0.20     8.0  0.8327  0.04656
 12000.0    0.20    10.0  1.0137  0.05986
 12000.0    0.40    -2.0 -0.0754  0.01755
 12000.0    0.40     0.0  0.1131  0.01782
 12000.0    0.40     2.0  0.3016  0.02088
 12000.0    0.40     4.0  0.4901  0.02672
 12000.0    0.40     6.0  0.6786  0.03533
 12000.0    0.40     8.0  0.8670  0.04672
 12000.0    0.40    10.0  1.0555  0.06089
 12000.0    0.50    -2.0 -0.0779  0.01702
 12000.0    0.50     0.0  0.1169  0.01731
 12000.0    0.50     2.0  0.3117  0.02056
 12000.0    0.50     4.0  0.5065  0.02675
 12000.0    0.50     6.0  0.7013  0.03590
 12000.0    0.50     8.0  0.8961  0.04799
 12000.0    0.50    10.0  1.0909  0.06304
 12000.0    0.60    -2.0 -0.0814  0.01657
 12000.0    0.60     0.0  0.1221  0.01689
 12000.0    0.60     2.0  0.3257  0.02042
 12000.0    0.60     4.0  0.5293  0.02715
 12000.0    0.60     6.0  0.7329  0.03708
 12000.0    0.60     8.0  0.9365  0.05022
 12000.0    0.60    10.0  1.1401  0.06656
 12000.0    0.70    -2.0 -0.0863  0.01619
 12000.0    0.70     0.0  0.1295  0.01654
 12000.0    0.70     2.0  0.3454  0.02049
 12000.0    0.70     4.0  0.5613  0.02802
 12000.0    0.70     6.0  0.7771  0.03913
 12000.0    0.70     8.0  0.9930  0.05383
 12000.0    0.70    10.0  1.2089  0.07226
 12000.0    0.75    -2.0 -0.0896  0.01601
 12000.0    0.75     0.0  0.1343  0.01640
 12000.0    0.75     2.0  0.3582  0.02063
 12000.0    0.75     4.0  0.5822  0.02871
 12000.0    0.75     6.0  0.8061  0.04077
 12000.0    0.75     8.0  1.0300  0.05783
 12000.0    0.75    10.0  1.2539  0.08122
 12000.0    0.80    -2.0 -0.0935  0.01585
 12000.0    0.80     0.0  0.1402  0.01627
 12000.0    0.80     2.0  0.3740  0.02094
 12000.0    0.80     4.0  0.6077  0.03083
 12000.0    0.80     6.0  0.8414  0.04744
 12000.0    0.80     8.0  1.0751  0.07231
 12000.0    0.80    10.0  1.3089  0.10697
 12000.0    0.85    -2.0 -0.0984  0.01571
 12000.0    0.85     0.0  0.1476  0.01685
 12000.0    0.85     2.0  0.3936  0.02498
 12000.0    0.85     4.0  0.6396  0.04188
 12000.0    0.85     6.0  0.8855  0.06933
 12000.0    0.85     8.0  1.1315  0.10911
 12000.0    0.85    10.0  1.3775  0.16302
 12000.0    0.90    -2.0 -0.1047  0.01765
 12000.0    0.90     0.0  0.1571  0.02393
 12000.0    0.90     2.0  0.4188  0.04145
 12000.0    0.90     4.0  0.6806  0.07236
 12000.0    0.90     6.0  0.9424  0.11881
 12000.0    0.90     8.0  1.2041  0.18295
 12000.0    0.90    10.0  1.4659  0.26693
 15000.0    0.00    -2.0 -0.0715  0.00363
 15000.0    0.00     0.0  0.1072  0.00384
 15000.0    0.00     2.0  0.2860  0.00621
 15000.0    0.00     4.0  0.4647  0.01072
 15000.0    0.00     6.0  0.6434  0.01737
 15000.0    0.00     8.0  0.8222  0.02618
 15000.0    0.00    10.0  1.0009  0.03713
 15000.0    0.20    -2.0 -0.0724  0.01939
 15000.0    0.20     0.0  0.1086  0.01965
 15000.0    0.20     2.0  0.2896  0.02252
 15000.0    0.20     4.0  0.4706  0.02801
 15000.0    0.20     6.0  0.6517  0.03611
 15000.0    0.20     8.0  0.8327  0.04683
 15000.0    0.20    10.0  1.0137  0.06016
 15000.0    0.40    -2.0 -0.0754  0.01773
 15000.0    0.40     0.0  0.1131  0.01800
 15000.0    0.40     2.0  0.3016  0.02107
 15000.0    0.40     4.0  0.4901  0.02691
 15000.0    0.40     6.0  0.6786  0.03554
 15000.0    0.40     8.0  0.8670  0.04696
 15000.0    0.40    10.0  1.0555  0.06115
 15000.0    0.50    -2.0 -0.0779  0.01719
 15000.0    0.50     0.0  0.1169  0.01748
 15000.0    0.50     2.0  0.3117  0.02073
 15000.0    0.50     4.0  0.5065  0.02694
 15000.0    0.50     6.0  0.7013  0.03610
 15000.0    0.50     8.0  0.8961  0.04822
 15000.0    0.50    10.0  1.0909  0.06329
 15000.0    0.60    -2.0 -0.0814  0.01674
 15000.0    0.60     0.0  0.1221  0.01706
 15000.0    0.60     2.0  0.3257  0.02059
 15000.0    0.60     4.0  0.5293  0.02733
 15000.0    0.60     6.0  0.7329  0.03728
 15000.0    0.60     8.0  0.9365  0.05044
 15000.0    0.60    10.0  1.1401  0.06681
 15000.0    0.70    -2.0 -0.0863  0.01634
 15000.0    0.70     0.0  0.1295  0.01670
 15000.0    0.70     2.0  0.3454  0.02065
 15000.0    0.70     4.0  0.5613  0.02819
 15000.0    0.70     6.0  0.7771  0.03932
 15000.0    0.70     8.0  0.9930  0.05405
 15000.0    0.70    10.0  1.2089  0.07251
 15000.0    0.75    -2.0 -0.0896  0.01617
 15000.0    0.75     0.0  0.1343  0.01655
 15000.0    0.75     2.0  0.3582  0.02079
 15000.0    0.75     4.0  0.5822  0.02888
 15000.0    0.75     6.0  0.8061  0.04097
 15000.0    0.75     8.0  1.0300  0.05805
 15000.0    0.75    10.0  1.2539  0.08147
 15000.0    0.80    -2.0 -0.0935  0.01600
 15000.0    0.80     0.0  0.1402  0.01642
 15000.0    0.80     2.0  0.3740  0.02110
 15000.0    0.80     4.0  0.6077  0.03100
 15000.0    0.80     6.0  0.8414  0.04763
 15000.0    0.80     8.0  1.0751  0.07253
 15000.0    0.80    10.0  1.3089  0.10722
 15000.0    0.85    -2.0 -0.0984  0.01586
 15000.0    0.85     0.0  0.1476  0.01700
 15000.0    0.85     2.0  0.3936  0.02514
 15000.0    0.85     4.0  0.6396  0.04205
 15000.0    0.85     6.0  0.8855  0.06952
 15000.0    0.85     8.0  1.1315  0.10934
 15000.0    0.85    10.0  1.3775  0.16328
 15000.0    0.90    -2.0 -0.1047  0.01779
 15000.0    0.90     0.0  0.1571  0.02408
 15000.0    0.90     2.0  0.4188  0.04161
 15000.0    0.90     4.0  0.6806  0.07254
 15000.0    0.90     6.0  0.9424  0.11901
 15000.0    0.90     8.0  1.2041  0.18318
 15000.0    0.90    10.0  1.4659  0.26720
 18000.0    0.00    -2.0 -0.0715  0.00363
 18000.0    0.00     0.0  0.1072  0.00384
 18000.0    0.00     2.0  0.2860  0.00621
 18000.0    0.00     4.0  0.4647  0.01072
 18000.0    0.00     6.0  0.6434  0.01737
 18000.0    0.00     8.0  0.8222  0.02618
 18000.0    0.00    10.0  1.0009  0.03713
 18000.0    0.20    -2.0 -0.0724  0.01961
 18000.0    0.20     0.0  0.1086  0.01987
 18000.0    0.20     2.0  0.2896  0.02275
 18000.0    0.20     4.0  0.4706  0.02825
 18000.0    0.20     6.0  0.6517  0.03637
 18000.0    0.20     8.0  0.8327  0.04711
 18000.0    0.20    10.0  1.0137  0.06046
 18000.0    0.40    -2.0 -0.0754  0.01791
 18000.0    0.40     0.0  0.1131  0.01819
 18000.0    0.40     2.0  0.3016  0.02126
 18000.0    0.40     4.0  0.4901  0.02712
 18000.0    0.40     6.0  0.6786  0.03576
 18000.0    0.40     8.0  0.8670  0.04720
 18000.0    0.40    10.0  1.0555  0.06143
 18000.0    0.50    -2.0 -0.0779  0.01737
 18000.0    0.50     0.0  0.1169  0.01766
 18000.0    0.50     2.0  0.3117  0.02092
 18000.0    0.50     4.0  0.5065  0.02714
 18000.0    0.50     6.0  0.7013  0.03632
 18000.0    0.50     8.0  0.8961  0.04846
 18000.0    0.50    10.0  1.0909  0.06356
 18000.0    0.60    -2.0 -0.0814  0.01691
 18000.0    0.60     0.0  0.1221  0.01723
 18000.0    0.60     2.0  0.3257  0.02077
 18000.0    0.60     4.0  0.5293  0.02752
 18000.0    0.60     6.0  0.7329  0.03749
 18000.0    0.60     8.0  0.9365  0.05067
 18000.0    0.60    10.0  1.1401  0.06707
 18000.0    0.70    -2.0 -0.0863  0.01651
 18000.0    0.70     0.0  0.1295  0.01687
 18000.0    0.70     2.0  0.3454  0.02082
 18000.0    0.70     4.0  0.5613  0.02838
 18000.0    0.70     6.0  0.7771  0.03953
 18000.0    0.70     8.0  0.9930  0.05427
 18000.0    0.70    10.0  1.2089  0.07277
 18000.0    0.75    -2.0 -0.0896  0.01633
 18000.0    0.75     0.0  0.1343  0.01671
 18000.0    0.75     2.0  0.3582  0.02096
 18000.0    0.75     4.0  0.5822  0.02907
 18000.0    0.75     6.0  0.8061  0.04117
 18000.0    0.75     8.0  1.0300  0.05828
 18000.0    0.75    10.0  1.2539  0.08173
 18000.0    0.80    -2.0 -0.0935  0.01616
 18000.0    0.80     0.0  0.1402  0.01658
 18000.0    0.80     2.0  0.3740  0.02127
 18000.0    0.80     4.0  0.6077  0.03118
 18000.0    0.80     6.0  0.8414  0.04783
 18000.0    0.80     8.0  1.0751  0.07276
 18000.0    0.80    10.0  1.3089  0.10748
 18000.0    0.85    -2.0 -0.0984  0.01601
 18000.0    0.85     0.0  0.1476  0.01716
 18000.0    0.85     2.0  0.3936  0.02530
 18000.0    0.85     4.0  0.6396  0.04223
 18000.0    0.85     6.0  0.8855  0.06972
 18000.0    0.85     8.0  1.1315  0.10957
 18000.0    0.85    10.0  1.3775  0.16355
 18000.0    0.90    -2.0 -0.1047  0.01795
 18000.0    0.90     0.0  0.1571  0.02423
 18000.0    0.90     2.0  0.4188  0.04177
 18000.0    0.90     4.0  0.6806  0.07271
 18000.0    0.90     6.0  0.9424  0.11922
 18000.0    0.90     8.0  1.2041  0.18342
 18000.0    0.90    10.0  1.4659  0.26748
 21000.0    0.00    -2.0 -0.0715  0.00363
 21000.0    0.00     0.0  0.1072  0.00384
 21000.0    0.00     2.0  0.2860  0.00621
 21000.0    0.00     4.0  0.4647  0.01072
 21000.0    0.00     6.0  0.6434  0.01737
 21000.0    0.00     8.0  0.8222  0.02618
 21000.0    0.00    10.0  1.0009  0.03713
 21000.0    0.20    -2.0 -0.0724  0.01983
 21000.0    0.20     0.0  0.1086  0.02010
 21000.0    0.20     2.0  0.2896  0.02298
 21000.0    0.20     4.0  0.4706  0.02850
 21000.0    0.20     6.0  0.6517  0.03663
 21000.0    0.20     8.0  0.8327  0.04740
 21000.0    0.20    10.0  1.0137  0.06079
 21000.0    0.40    -2.0 -0.0754  0.01811
 21000.0    0.40     0.0  0.1131  0.01839
 21000.0    0.40     2.0  0.3016  0.02146
 21000.0    0.40     4.0  0.4901  0.02733
 21000.0    0.40     6.0  0.6786  0.03600
 21000.0    0.40     8.0  0.8670  0.04745
 21000.0    0.40    10.0  1.0555  0.06171
 21000.0    0.50    -2.0 -0.0779  0.01755
 21000.0    0.50     0.0  0.1169  0.01785
 21000.0    0.50     2.0  0.3117  0.02111
 21000.0    0.50     4.0  0.5065  0.02734
 21000.0    0.50     6.0  0.7013  0.03654
 21000.0    0.50     8.0  0.8961  0.04870
 21000.0    0.50    10.0  1.0909  0.06383
 21000.0    0.60    -2.0 -0.0814  0.01708
 21000.0    0.60     0.0  0.1221  0.01741
 21000.0    0.60     2.0  0.3257  0.02095
 21000.0    0.60     4.0  0.5293  0.02771
 21000.0    0.60     6.0  0.7329  0.03770
 21000.0    0.60     8.0  0.9365  0.05091
 21000.0    0.60    10.0  1.1401  0.06734
 21000.0    0.70    -2.0 -0.0863  0.01668
 21000.0    0.70     0.0  0.1295  0.01704
 21000.0    0.70     2.0  0.3454  0.02100
 21000.0    0.70     4.0  0.5613  0.02857
 21000.0    0.70     6.0  0.7771  0.03974
 21000.0    0.70     8.0  0.9930  0.05451
 21000.0    0.70    10.0  1.2089  0.07304
 21000.0    0.75    -2.0 -0.0896  0.01649
 21000.0    0.75     0.0  0.1343  0.01688
 21000.0    0.75     2.0  0.3582  0.02113
 21000.0    0.75     4.0  0.5822  0.02925
 21000.0    0.75     6.0  0.8061  0.04138
 21000.0    0.75     8.0  1.0300  0.05851
 21000.0    0.75    10.0  1.2539  0.08200
 21000.0    0.80    -2.0 -0.0935  0.01632
 21000.0    0.80     0.0  0.1402  0.01674
 21000.0    0.80     2.0  0.3740  0.02144
 21000.0    0.80     4.0  0.6077  0.03137
 21000.0    0.80     6.0  0.8414  0.04804
 21000.0    0.80     8.0  1.0751  0.07300
 21000.0    0.80    10.0  1.3089  0.10776
 21000.0    0.85    -2.0 -0.0984  0.01617
 21000.0    0.85     0.0  0.1476  0.01732
 21000.0    0.85     2.0  0.3936  0.02547
 21000.0    0.85     4.0  0.6396  0.04241
 21000.0    0.85     6.0  0.8855  0.06993
 21000.0    0.85     8.0  1.1315  0.10981
 21000.0    0.85    10.0  1.3775  0.16383
 21000.0    0.90    -2.0 -0.1047  0.01810
 21000.0    0.90     0.0  0.1571  0.02439
 21000.0    0.90     2.0  0.4188  0.04194
 21000.0    0.90     4.0  0.6806  0.07290
 21000.0    0.90     6.0  0.9424  0.11943
 21000.0    0.90     8.0  1.2041  0.18367
 21000.0    0.90    10.0  1.4659  0.26777
 24000.0    0.00    -2.0 -0.0715  0.00363
 24000.0    0.00     0.0  0.1072  0.00384
 24000.0    0.00     2.0  0.2860  0.00621
 24000.0    0.00     4.0  0.4647  0.01072
 24000.0    0.00     6.0  0.6434  0.01737
 24000.0    0.00     8.0  0.8222  0.02618
 24000.0    0.00    10.0  1.0009  0.03713
 24000.0    0.20    -2.0 -0.0724  0.02007
 24000.0    0.20     0.0  0.1086  0.02034
 24000.0    0.20     2.0  0.2896  0.02323
 24000.0    0.20     4.0  0.4706  0.02876
 24000.0    0.20     6.0  0.6517  0.03691
 24000.0    0.20     8.0  0.8327  0.04770
 24000.0    0.20    10.0  1.0137  0.06112
 24000.0    0.40    -2.0 -0.0754  0.01831
 24000.0    0.40     0.0  0.1131  0.01859
 24000.0    0.40     2.0  0.3016  0.02167
 24000.0    0.40     4.0  0.4901  0.02756
 24000.0    0.40     6.0  0.6786  0.03624
 24000.0    0.40     8.0  0.8670  0.04772
 24000.0    0.40    10.0  1.0555  0.06200
 24000.0    0.50    -2.0 -0.0779  0.01775
 24000.0    0.50     0.0  0.1169  0.01804
 24000.0    0.50     2.0  0.3117  0.02131
 24000.0    0.50     4.0  0.5065  0.02755
 24000.0    0.50     6.0  0.7013  0.03677
 24000.0    0.50     8.0  0.8961  0.04895
 24000.0    0.50    10.0  1.0909  0.06411
 24000.0    0.60    -2.0 -0.0814  0.01727
 24000.0    0.60     0.0  0.1221  0.01759
 24000.0    0.60     2.0  0.3257  0.02114
 24000.0    0.60     4.0  0.5293  0.02792
 24000.0    0.60     6.0  0.7329  0.03792
 24000.0    0.60     8.0  0.9365  0.05116
 24000.0    0.60    10.0  1.1401  0.06762
 24000.0    0.70    -2.0 -0.0863  0.01685
 24000.0    0.70     0.0  0.1295  0.01722
 24000.0    0.70     2.0  0.3454  0.02119
 24000.0    0.70     4.0  0.5613  0.02877
 24000.0    0.70     6.0  0.7771  0.03996
 24000.0    0.70     8.0  0.9930  0.05476
 24000.0    0.70    10.0  1.2089  0.07332
 24000.0    0.75    -2.0 -0.0896  0.01667
 24000.0    0.75     0.0  0.1343  0.01705
 24000.0    0.75     2.0  0.3582  0.02132
 24000.0    0.75     4.0  0.5822  0.02945
 24000.0    0.75     6.0  0.8061  0.04160
 24000.0    0.75     8.0  1.0300  0.05876
 24000.0    0.75    10.0  1.2539  0.08228
 24000.0    0.80    -2.0 -0.0935  0.01649
 24000.0    0.80     0.0  0.1402  0.01691
 24000.0    0.80     2.0  0.3740  0.02162
 24000.0    0.80     4.0  0.6077  0.03156
 24000.0    0.80     6.0  0.8414  0.04826
 24000.0    0.80     8.0  1.0751  0.07325
 24000.0    0.80    10.0  1.3089  0.10805
 24000.0    0.85    -2.0 -0.0984  0.01634
 24000.0    0.85     0.0  0.1476  0.01749
 24000.0    0.85     2.0  0.3936  0.02565
 24000.0    0.85     4.0  0.6396  0.04261
 24000.0    0.85     6.0  0.8855  0.07015
 24000.0    0.85     8.0  1.1315  0.11006
 24000.0    0.85    10.0  1.3775  0.16412
 24000.0    0.90    -2.0 -0.1047  0.01827
 24000.0    0.90     0.0  0.1571  0.02455
 24000.0    0.90     2.0  0.4188  0.04211
 24000.0    0.90     4.0  0.6806  0.07310
 24000.0    0.90     6.0  0.9424  0.11965
 24000.0    0.90     8.0  1.2041  0.18393
 24000.0    0.90    10.0  1.4659  0.26808
 27000.0    0.00    -2.0 -0.0715  0.00363
 27000.0    0.00     0.0  0.1072  0.00384
 27000.0    0.00     2.0  0.2860  0.00621
 27000.0    0.00     4.0  0.4647  0.01072
 27000.0    0.00     6.0  0.6434  0.01737
 27000.0    0.00     8.0  0.8222  0.02618
 27000.0    0.00    10.0  1.0009  0.03713
 27000.0    0.20    -2.0 -0.0724  0.02032
 27000.0    0.20     0.0  0.1086  0.02058
 27000.0    0.20     2.0  0.2896  0.02349
 27000.0    0.20     4.0  0.4706  0.02903
 27000.0    0.20     6.0  0.6517  0.03720
 27000.0    0.20     8.0  0.8327  0.04802
 27000.0    0.20    10.0  1.0137  0.06147
 27000.0    0.40    -2.0 -0.0754  0.01853
 27000.0    0.40     0.0  0.1131  0.01881
 27000.0    0.40     2.0  0.3016  0.02189
 27000.0    0.40     4.0  0.4901  0.02779
 27000.0    0.40     6.0  0.6786  0.03649
 27000.0    0.40     8.0  0.8670  0.04800
 27000.0    0.40    10.0  1.0555  0.06231
 27000.0    0.50    -2.0 -0.0779  0.01795
 27000.0    0.50     0.0  0.1169  0.01824
 27000.0    0.50     2.0  0.3117  0.02152
 27000.0    0.50     4.0  0.5065  0.02778
 27000.0    0.50     6.0  0.7013  0.03701
 27000.0    0.50     8.0  0.8961  0.04922
 27000.0    0.50    10.0  1.0909  0.06441
 27000.0    0.60    -2.0 -0.0814  0.01746
 27000.0    0.60     0.0  0.1221  0.01778
 27000.0    0.60     2.0  0.3257  0.02134
 27000.0    0.60     4.0  0.5293  0.02813
 27000.0    0.60     6.0  0.7329  0.03816
 27000.0    0.60     8.0  0.9365  0.05142
 27000.0    0.60    10.0  1.1401  0.06791
 27000.0    0.70    -2.0 -0.0863  0.01704
 27000.0    0.70     0.0  0.1295  0.01740
 27000.0    0.70     2.0  0.3454  0.02138
 27000.0    0.70     4.0  0.5613  0.02897
 27000.0    0.70     6.0  0.7771  0.04019
 27000.0    0.70     8.0  0.9930  0.05501
 27000.0    0.70    10.0  1.2089  0.07361
 27000.0    0.75    -2.0 -0.0896  0.01685
 27000.0    0.75     0.0  0.1343  0.01724
 27000.0    0.75     2.0  0.3582  0.02151
 27000.0    0.75     4.0  0.5822  0.02966
 27000.0    0.75     6.0  0.8061  0.04182
 27000.0    0.75     8.0  1.0300  0.05902
 27000.0    0.75    10.0  1.2539  0.08258
 27000.0    0.80    -2.0 -0.0935  0.01667
 27000.0    0.80     0.0  0.1402  0.01709
 27000.0    0.80     2.0  0.3740  0.02181
 27000.0    0.80     4.0  0.6077  0.03177
 27000.0    0.80     6.0  0.8414  0.04849
 27000.0    0.80     8.0  1.0751  0.07350
 27000.0    0.80    10.0  1.3089  0.10835
 27000.0    0.85    -2.0 -0.0984  0.01652
 27000.0    0.85     0.0  0.1476  0.01766
 27000.0    0.85     2.0  0.3936  0.02583
 27000.0    0.85     4.0  0.6396  0.04281
 27000.0    0.85     6.0  0.8855  0.07038
 27000.0    0.85     8.0  1.1315  0.11033
 27000.0    0.85    10.0  1.3775  0.16443
 27000.0    0.90    -2.0 -0.1047  0.01844
 27000.0    0.90     0.0  0.1571  0.02473
 27000.0    0.90     2.0  0.4188  0.04230
 27000.0    0.90     4.0  0.6806  0.07330
 27000.0    0.90     6.0  0.9424  0.11988
 27000.0    0.90     8.0  1.2041  0.18420
 27000.0    0.90    10.0  1.4659  0.26839
 30000.0    0.00    -2.0 -0.0715  0.00363
 30000.0    0.00     0.0  0.1072  0.00384
 30000.0    0.00     2.0  0.2860  0.00621
 30000.0    0.00     4.0  0.4647  0.01072
 30000.0    0.00     6.0  0.6434  0.01737
 30000.0    0.00     8.0  0.8222  0.02618
 30000.0    0.00    10.0  1.0009  0.03713
 30000.0    0.20    -2.0 -0.0724  0.02058
 30000.0    0.20     0.0  0.1086  0.02085
 30000.0    0.20     2.0  0.2896  0.02375
 30000.0    0.20     4.0  0.4706  0.02931
 30000.0    0.20     6.0  0.6517  0.03751
 30000.0    0.20     8.0  0.8327  0.04835
 30000.0    0.20    10.0  1.0137  0.06184
 30000.0    0.40    -2.0 -0.0754  0.01875
 30000.0    0.40     0.0  0.1131  0.01903
 30000.0    0.40     2.0  0.3016  0.02212
 30000.0    0.40     4.0  0.4901  0.02803
 30000.0    0.40     6.0  0.6786  0.03675
 30000.0    0.40     8.0  0.8670  0.04828
 30000.0    0.40    10.0  1.0555  0.06263
 30000.0    0.50    -2.0 -0.0779  0.01816
 30000.0    0.50     0.0  0.1169  0.01846
 30000.0    0.50     2.0  0.3117  0.02174
 30000.0    0.50     4.0  0.5065  0.02801
 30000.0    0.50     6.0  0.7013  0.03726
 30000.0    0.50     8.0  0.8961  0.04950
 30000.0    0.50    10.0  1.0909  0.06472
 30000.0    0.60    -2.0 -0.0814  0.01766
 30000.0    0.60     0.0  0.1221  0.01799
 30000.0    0.60     2.0  0.3257  0.02155
 30000.0    0.60     4.0  0.5293  0.02836
 30000.0    0.60     6.0  0.7329  0.03840
 30000.0    0.60     8.0  0.9365  0.05169
 30000.0    0.60    10.0  1.1401  0.06822
 30000.0    0.70    -2.0 -0.0863  0.01723
 30000.0    0.70     0.0  0.1295  0.01759
 30000.0    0.70     2.0  0.3454  0.02158
 30000.0    0.70     4.0  0.5613  0.02919
 30000.0    0.70     6.0  0.7771  0.04043
 30000.0    0.70     8.0  0.9930  0.05528
 30000.0    0.70    10.0  1.2089  0.07391
 30000.0    0.75    -2.0 -0.0896  0.01704
 30000.0    0.75     0.0  0.1343  0.01743
 30000.0    0.75     2.0  0.3582  0.02170
 30000.0    0.75     4.0  0.5822  0.02987
 30000.0    0.75     6.0  0.8061  0.04206
 30000.0    0.75     8.0  1.0300  0.05929
 30000.0    0.75    10.0  1.2539  0.08289
 30000.0    0.80    -2.0 -0.0935  0.01686
 30000.0    0.80     0.0  0.1402  0.01728
 30000.0    0.80     2.0  0.3740  0.02200
 30000.0    0.80     4.0  0.6077  0.03198
 30000.0    0.80     6.0  0.8414  0.04873
 30000.0    0.80     8.0  1.0751  0.07378
 30000.0    0.80    10.0  1.3089  0.10866
 30000.0    0.85    -2.0 -0.0984  0.01670
 30000.0    0.85     0.0  0.1476  0.01785
 30000.0    0.85     2.0  0.3936  0.02603
 30000.0    0.85     4.0  0.6396  0.04302
 30000.0    0.85     6.0  0.8855  0.07062
 30000.0    0.85     8.0  1.1315  0.11060
 30000.0    0.85    10.0  1.3775  0.16475
 30000.0    0.90    -2.0 -0.1047  0.01862
 30000.0    0.90     0.0  0.1571  0.02491
 30000.0    0.90     2.0  0.4188  0.04249
 30000.0    0.90     4.0  0.6806  0.07351
 30000.0    0.90     6.0  0.9424  0.12012
 30000.0    0.90     8.0  1.2041  0.18448
 30000.0    0.90    10.0  1.4659  0.26872
 33000.0    0.00    -2.0 -0.0715  0.00363
 33000.0    0.00     0.0  0.1072  0.00384
 33000.0    0.00     2.0  0.2860  0.00621
 33000.0    0.00     4.0  0.4647  0.01072
 33000.0    0.00     6.0  0.6434  0.01737
 33000.0    0.00     8.0  0.8222  0.02618
 33000.0    0.00    10.0  1.0009  0.03713
 33000.0    0.20    -2.0 -0.0724  0.02085
 33000.0    0.20     0.0  0.1086  0.02112
 33000.0    0.20     2.0  0.2896  0.02404
 33000.0    0.20     4.0  0.4706  0.02960
 33000.0    0.20     6.0  0.6517  0.03782
 33000.0    0.20     8.0  0.8327  0.04870
 33000.0    0.20    10.0  1.0137  0.06222
 33000.0    0.40    -2.0 -0.0754  0.01898
 33000.0    0.40     0.0  0.1131  0.01926
 33000.0    0.40     2.0  0.3016  0.02236
 33000.0    0.40     4.0  0.4901  0.02829
 33000.0    0.40     6.0  0.6786  0.03703
 33000.0    0.40     8.0  0.8670  0.04859
 33000.0    0.40    10.0  1.0555  0.06297
 33000.0    0.50    -2.0 -0.0779  0.01838
 33000.0    0.50     0.0  0.1169  0.01868
 33000.0    0.50     2.0  0.3117  0.02197
 33000.0    0.50     4.0  0.5065  0.02825
 33000.0    0.50     6.0  0.7013  0.03752
 33000.0    0.50     8.0  0.8961  0.04979
 33000.0    0.50    10.0  1.0909  0.06505
 33000.0    0.60    -2.0 -0.0814  0.01787
 33000.0    0.60     0.0  0.1221  0.01820
 33000.0    0.60     2.0  0.3257  0.02177
 33000.0    0.60     4.0  0.5293  0.02859
 33000.0    0.60     6.0  0.7329  0.03866
 33000.0    0.60     8.0  0.9365  0.05197
 33000.0    0.60    10.0  1.1401  0.06853
 33000.0    0.70    -2.0 -0.0863  0.01743
 33000.0    0.70     0.0  0.1295  0.01780
 33000.0    0.70     2.0  0.3454  0.02179
 33000.0    0.70     4.0  0.5613  0.02942
 33000.0    0.70     6.0  0.7771  0.04067
 33000.0    0.70     8.0  0.9930  0.05556
 33000.0    0.70    10.0  1.2089  0.07423
 33000.0    0.75    -2.0 -0.0896  0.01723
 33000.0    0.75     0.0  0.1343  0.01762
 33000.0    0.75     2.0  0.3582  0.02191
 33000.0    0.75     4.0  0.5822  0.03009
 33000.0    0.75     6.0  0.8061  0.04231
 33000.0    0.75     8.0  1.0300  0.05957
 33000.0    0.75    10.0  1.2539  0.08321
 33000.0    0.80    -2.0 -0.0935  0.01705
 33000.0    0.80     0.0  0.1402  0.01747
 33000.0    0.80     2.0  0.3740  0.02221
 33000.0    0.80     4.0  0.6077  0.03220
 33000.0    0.80     6.0  0.8414  0.04897
 33000.0    0.80     8.0  1.0751  0.07406
 33000.0    0.80    10.0  1.3089  0.10898
 33000.0    0.85    -2.0 -0.0984  0.01689
 33000.0    0.85     0.0  0.1476  0.01804
 33000.0    0.85     2.0  0.3936  0.02623
 33000.0    0.85     4.0  0.6396  0.04324
 33000.0    0.85     6.0  0.8855  0.07087
 33000.0    0.85     8.0  1.1315  0.11089
 33000.0    0.85    10.0  1.3775  0.16508
 33000.0    0.90    -2.0 -0.1047  0.01881
 33000.0    0.90     0.0  0.1571  0.02509
 33000.0    0.90     2.0  0.4188  0.04269
 33000.0    0.90     4.0  0.6806  0.07373
 33000.0    0.90     6.0  0.9424  0.12038
 33000.0    0.90     8.0  1.2041  0.18477
 33000.0    0.90    10.0  1.4659  0.26907
 36000.0    0.00    -2.0 -0.0715  0.00363
 36000.0    0.00     0.0  0.1072  0.00384
 36000.0    0.00     2.0  0.2860  0.00621
 36000.0    0.00     4.0  0.4647  0.01072
 36000.0    0.00     6.0  0.6434  0.01737
 36000.0    0.00     8.0  0.8222  0.02618
 36000.0    0.00    10.0  1.0009  0.03713
 36000.0    0.20    -2.0 -0.0724  0.02114
 36000.0    0.20     0.0  0.1086  0.02140
 36000.0    0.20     2.0  0.2896  0.02433
 36000.0    0.20     4.0  0.4706  0.02991
 36000.0    0.20     6.0  0.6517  0.03816
 36000.0    0.20     8.0  0.8327  0.04906
 36000.0    0.20    10.0  1.0137  0.06262
 36000.0    0.40    -2.0 -0.0754  0.01922
 36000.0    0.40     0.0  0.1131  0.01951
 36000.0    0.40     2.0  0.3016  0.02262
 36000.0    0.40     4.0  0.4901  0.02855
 36000.0    0.40     6.0  0.6786  0.03731
 36000.0    0.40     8.0  0.8670  0.04890
 36000.0    0.40    10.0  1.0555  0.06332
 36000.0    0.50    -2.0 -0.0779  0.01861
 36000.0    0.50     0.0  0.1169  0.01891
 36000.0    0.50     2.0  0.3117  0.02221
 36000.0    0.50     4.0  0.5065  0.02850
 36000.0    0.50     6.0  0.7013  0.03780
 36000.0    0.50     8.0  0.8961  0.05009
 36000.0    0.50    10.0  1.0909  0.06539
 36000.0    0.60    -2.0 -0.0814  0.01809
 36000.0    0.60     0.0  0.1221  0.01842
 36000.0    0.60     2.0  0.3257  0.02200
 36000.0    0.60     4.0  0.5293  0.02883
 36000.0    0.60     6.0  0.7329  0.03892
 36000.0    0.60     8.0  0.9365  0.05227
 36000.0    0.60    10.0  1.1401  0.06887
 36000.0    0.70    -2.0 -0.0863  0.01765
 36000.0    0.70     0.0  0.1295  0.01801
 36000.0    0.70     2.0  0.3454  0.02201
 36000.0    0.70     4.0  0.5613  0.02965
 36000.0    0.70     6.0  0.7771  0.04094
 36000.0    0.70     8.0  0.9930  0.05586
 36000.0    0.70    10.0  1.2089  0.07457
 36000.0    0.75    -2.0 -0.0896  0.01744
 36000.0    0.75     0.0  0.1343  0.01783
 36000.0    0.75     2.0  0.3582  0.02213
 36000.0    0.75     4.0  0.5822  0.03033
 36000.0    0.75     6.0  0.8061  0.04257
 36000.0    0.75     8.0  1.0300  0.05986
 36000.0    0.75    10.0  1.2539  0.08354
 36000.0    0.80    -2.0 -0.0935  0.01725
 36000.0    0.80     0.0  0.1402  0.01768
 36000.0    0.80     2.0  0.3740  0.02242
 36000.0    0.80     4.0  0.6077  0.03243
 36000.0    0.80     6.0  0.8414  0.04923
 36000.0    0.80     8.0  1.0751  0.07435
 36000.0    0.80    10.0  1.3089  0.10932
 36000.0    0.85    -2.0 -0.0984  0.01709
 36000.0    0.85     0.0  0.1476  0.01824
 36000.0    0.85     2.0  0.3936  0.02644
 36000.0    0.85     4.0  0.6396  0.04347
 36000.0    0.85     6.0  0.8855  0.07113
 36000.0    0.85     8.0  1.1315  0.11119
 36000.0    0.85    10.0  1.3775  0.16543
 36000.0    0.90    -2.0 -0.1047  0.01900
 36000.0    0.90     0.0  0.1571  0.02529
 36000.0    0.90     2.0  0.4188  0.04289
 36000.0    0.90     4.0  0.6806  0.07396
 36000.0    0.90     6.0  0.9424  0.12064
 36000.0    0.90     8.0  1.2041  0.18508
 36000.0    0.90    10.0  1.4659  0.
 38000.0    0.00    -2.0 -0.0715  0.00363
 38000.0    0.00     0.0  0.1072  0.00384
 38000.0    0.00     2.0  0.2860  0.00621
 38000.0    0.00     4.0  0.4647  0.01072
 38000.0    0.00     6.0  0.6434  0.01737
 38000.0    0.00     8.0  0.8222  0.02618
 38000.0    0.00    10.0  1.0009  0.03713
 38000.0    0.20    -2.0 -0.0724  0.02140
 38000.0    0.20     0.0  0.1086  0.02166
 38000.0    0.20     2.0  0.2896  0.02460
 38000.0    0.20     4.0  0.4706  0.03020
 38000.0    0.20     6.0  0.6517  0.03846
 38000.0    0.20     8.0  0.8327  0.04939
 38000.0    0.20    10.0  1.0137  0.06299
 38000.0    0.40    -2.0 -0.0754  0.01945
 38000.0    0.40     0.0  0.1131  0.01973
 38000.0    0.40     2.0  0.3016  0.02285
 38000.0    0.40     4.0  0.4901  0.02879
 38000.0    0.40     6.0  0.6786  0.03758
 38000.0    0.40     8.0  0.8670  0.04919
 38000.0    0.40    10.0  1.0555  0.06364
 38000.0    0.50    -2.0 -0.0779  0.01882
 38000.0    0.50     0.0  0.1169  0.01912
 38000.0    0.50     2.0  0.3117  0.02242
 38000.0    0.50     4.0  0.5065  0.02874
 38000.0    0.50     6.0  0.7013  0.03805
 38000.0    0.50     8.0  0.8961  0.05037
 38000.0    0.50    10.0  1.0909  0.06570
 38000.0    0.60    -2.0 -0.0814  0.01829
 38000.0    0.60     0.0  0.1221  0.01862
 38000.0    0.60     2.0  0.3257  0.02221
 38000.0    0.60     4.0  0.5293  0.02906
 38000.0    0.60     6.0  0.7329  0.03917
 38000.0    0.60     8.0  0.9365  0.05254
 38000.0    0.60    10.0  1.1401  0.06917
 38000.0    0.70    -2.0 -0.0863  0.01784
 38000.0    0.70     0.0  0.1295  0.01820
 38000.0    0.70     2.0  0.3454  0.02221
 38000.0    0.70     4.0  0.5613  0.02987
 38000.0    0.70     6.0  0.7771  0.04117
 38000.0    0.70     8.0  0.9930  0.05612
 38000.0    0.70    10.0  1.2089  0.07487
 38000.0    0.75    -2.0 -0.0896  0.01763
 38000.0    0.75     0.0  0.1343  0.01802
 38000.0    0.75     2.0  0.3582  0.02232
 38000.0    0.75     4.0  0.5822  0.03054
 38000.0    0.75     6.0  0.8061  0.04281
 38000.0    0.75     8.0  1.0300  0.06013
 38000.0    0.75    10.0  1.2539  0.08385
 38000.0    0.80    -2.0 -0.0935  0.01744
 38000.0    0.80     0.0  0.1402  0.01786
 38000.0    0.80     2.0  0.3740  0.02261
 38000.0    0.80     4.0  0.6077  0.03264
 38000.0    0.80     6.0  0.8414  0.04947
 38000.0    0.80     8.0  1.0751  0.07462
 38000.0    0.80    10.0  1.3089  0.10963
 38000.0    0.85    -2.0 -0.0984  0.01727
 38000.0    0.85     0.0  0.1476  0.01842
 38000.0    0.85     2.0  0.3936  0.02663
 38000.0    0.85     4.0  0.6396  0.04368
 38000.0    0.85     6.0  0.8855  0.07137
 38000.0    0.85     8.0  1.1315  0.11146
 38000.0    0.85    10.0  1.3775  0.16575
 38000.0    0.90    -2.0 -0.1047  0.01918
 38000.0    0.90     0.0  0.1571  0.02547
 38000.0    0.90     2.0  0.4188  0.04308
 38000.0    0.90     4.0  0.6806  0.07417
 38000.0    0.90     6.0  0.9424  0.12088
 38000.0    0.90     8.0  1.2041  0.18536
 38000.0    0.90    10.0  1.4659  0.26976
 42000.0    0.00    -2.0 -0.0715  0.00363
 42000.0    0.00     0.0  0.1072  0.00384
 42000.0    0.00     2.0  0.2860  0.00621
 42000.0    0.00     4.0  0.4647  0.01072
 42000.0    0.00     6.0  0.6434  0.01737
 42000.0    0.00     8.0  0.8222  0.02618
 42000.0    0.00    10.0  1.0009  0.03713
 42000.0    0.20    -2.0 -0.0724  0.02194
 42000.0    0.20     0.0  0.1086  0.02221
 42000.0    0.20     2.0  0.2896  0.02516
 42000.0    0.20     4.0  0.4706  0.03079
 42000.0    0.20     6.0  0.6517  0.03910
 42000.0    0.20     8.0  0.8327  0.05009
 42000.0    0.20    10.0  1.0137  0.06376
 42000.0    0.40    -2.0 -0.0754  0.01991
 42000.0    0.40     0.0  0.1131  0.02020
 42000.0    0.40     2.0  0.3016  0.02333
 42000.0    0.40     4.0  0.4901  0.02930
 42000.0    0.40     6.0  0.6786  0.03812
 42000.0    0.40     8.0  0.8670  0.04979
 42000.0    0.40    10.0  1.0555  0.06431
 42000.0    0.50    -2.0 -0.0779  0.01926
 42000.0    0.50     0.0  0.1169  0.01956
 42000.0    0.50     2.0  0.3117  0.02288
 42000.0    0.50     4.0  0.5065  0.02922
 42000.0    0.50     6.0  0.7013  0.03858
 42000.0    0.50     8.0  0.8961  0.05095
 42000.0    0.50    10.0  1.0909  0.06634
 42000.0    0.60    -2.0 -0.0814  0.01871
 42000.0    0.60     0.0  0.1221  0.01904
 42000.0    0.60     2.0  0.3257  0.02264
 42000.0    0.60     4.0  0.5293  0.02952
 42000.0    0.60     6.0  0.7329  0.03968
 42000.0    0.60     8.0  0.9365  0.05310
 42000.0    0.60    10.0  1.1401  0.06981
 42000.0    0.70    -2.0 -0.0863  0.01824
 42000.0    0.70     0.0  0.1295  0.01860
 42000.0    0.70     2.0  0.3454  0.02263
 42000.0    0.70     4.0  0.5613  0.03032
 42000.0    0.70     6.0  0.7771  0.04167
 42000.0    0.70     8.0  0.9930  0.05668
 42000.0    0.70    10.0  1.2089  0.07551
 42000.0    0.75    -2.0 -0.0896  0.01802
 42000.0    0.75     0.0  0.1343  0.01842
 42000.0    0.75     2.0  0.3582  0.02274
 42000.0    0.75     4.0  0.5822  0.03099
 42000.0    0.75     6.0  0.8061  0.04330
 42000.0    0.75     8.0  1.0300  0.06069
 42000.0    0.75    10.0  1.2539  0.08449
 42000.0    0.80    -2.0 -0.0935  0.01782
 42000.0    0.80     0.0  0.1402  0.01825
 42000.0    0.80     2.0  0.3740  0.02302
 42000.0    0.80     4.0  0.6077  0.03309
 42000.0    0.80     6.0  0.8414  0.04996
 42000.0    0.80     8.0  1.0751  0.07519
 42000.0    0.80    10.0  1.3089  0.11028
 42000.0    0.85    -2.0 -0.0984  0.01765
 42000.0    0.85     0.0  0.1476  0.01880
 42000.0    0.85     2.0  0.3936  0.02703
 42000.0    0.85     4.0  0.6396  0.04412
 42000.0    0.85     6.0  0.8855  0.07186
 42000.0    0.85     8.0  1.1315  0.11203
 42000.0    0.85    10.0  1.3775  0.16642
 42000.0    0.90    -2.0 -0.1047  0.01955
 42000.0    0.90     0.0  0.1571  0.02584
 42000.0    0.90     2.0  0.4188  0.04348
 42000.0    0.90     4.0  0.6806  0.07461
 42000.0    0.90     6.0  0.9424  0.12138
 42000.0    0.90     8.0  1.2041  0.18595
 42000.0    0.90    10.0  1.4659  0.27045