# GASP-derived aerodynamics data converted from GASP_aero_flaps.txt
# Incremental Lift and Drag Coeff. for Flaps
# Reference Area = 1370. sqft

Flap Deflection (deg),       Mach, Angle of Attack (deg),   Delta CL,   Delta CD
                 10.0,        0.0,                  -2.0,    0.44098,    0.01046
                 10.0,        0.0,                   0.0,    0.44098,    0.01436
                 10.0,        0.0,                   2.0,    0.44098,    0.01829
                 10.0,        0.0,                   4.0,    0.44098,    0.02224
                 10.0,        0.0,                   6.0,    0.44098,    0.02622
                 10.0,        0.0,                   8.0,    0.44098,    0.03021
                 10.0,        0.0,                  10.0,    0.44098,    0.03423
                 10.0,        0.0,                  12.0,    0.44098,    0.03826
                 10.0,        0.0,                  14.0,    0.44098,    0.04232
                 10.0,        0.0,                  16.0,    0.44098,     0.0464
                 10.0,        0.0,                  18.0,    0.44098,    0.05051
                 10.0,        0.0,                 19.69,    0.41324,    0.05048
                 10.0,        0.1,                  -2.0,    0.44086,    0.01083
                 10.0,        0.1,                   0.0,    0.44086,    0.01551
                 10.0,        0.1,                   2.0,    0.44086,    0.02022
                 10.0,        0.1,                   4.0,    0.44086,    0.02495
                 10.0,        0.1,                   6.0,    0.44086,    0.02971
                 10.0,        0.1,                   8.0,    0.44086,    0.03449
                 10.0,        0.1,                  10.0,    0.44086,    0.03931
                 10.0,        0.1,                  12.0,    0.44086,    0.04414
                 10.0,        0.1,                  14.0,    0.44086,    0.04901
                 10.0,        0.1,                  16.0,    0.44086,     0.0539
                 10.0,        0.1,                  18.0,    0.44086,    0.05881
                 10.0,        0.1,                 19.62,    0.40665,    0.05764
                 10.0,        0.2,                  -2.0,    0.44049,    0.01076
                 10.0,        0.2,                   0.0,    0.44049,    0.01541
                 10.0,        0.2,                   2.0,    0.44049,    0.02008
                 10.0,        0.2,                   4.0,    0.44049,    0.02477
                 10.0,        0.2,                   6.0,    0.44049,    0.02949
                 10.0,        0.2,                   8.0,    0.44049,    0.03424
                 10.0,        0.2,                  10.0,    0.44049,    0.03901
                 10.0,        0.2,                  12.0,    0.44049,    0.04381
                 10.0,        0.2,                  14.0,    0.44049,    0.04864
                 10.0,        0.2,                  16.0,    0.44049,    0.05349
                 10.0,        0.2,                  18.0,    0.44049,    0.05836
                 10.0,        0.2,                  19.4,    0.38648,    0.05373
                 10.0,        0.3,                  -2.0,    0.43986,     0.0107
                 10.0,        0.3,                   0.0,    0.43986,    0.01537
                 10.0,        0.3,                   2.0,    0.43986,    0.02006
                 10.0,        0.3,                   4.0,    0.43986,    0.02478
                 10.0,        0.3,                   6.0,    0.43986,    0.02952
                 10.0,        0.3,                   8.0,    0.43986,    0.03429
                 10.0,        0.3,                  10.0,    0.43986,    0.03909
                 10.0,        0.3,                  12.0,    0.43986,    0.04392
                 10.0,        0.3,                  14.0,    0.43986,    0.04877
                 10.0,        0.3,                  16.0,    0.43986,    0.05365
                 10.0,        0.3,                  18.0,    0.43986,    0.05856
                 10.0,        0.3,                 19.04,     0.3514,    0.04793
                 10.0,        0.4,                  -2.0,     0.4389,    0.01062
                 10.0,        0.4,                   0.0,     0.4389,    0.01535
                 10.0,        0.4,                   2.0,     0.4389,    0.02011
                 10.0,        0.4,                   4.0,     0.4389,     0.0249
                 10.0,        0.4,                   6.0,     0.4389,    0.02972
                 10.0,        0.4,                   8.0,     0.4389,    0.03456
                 10.0,        0.4,                  10.0,     0.4389,    0.03943
                 10.0,        0.4,                  12.0,     0.4389,    0.04433
                 10.0,        0.4,                  14.0,     0.4389,    0.04926
                 10.0,        0.4,                  16.0,     0.4389,    0.05421
                 10.0,        0.4,                  18.0,     0.4389,    0.05919
                 10.0,        0.4,                 18.52,    0.31496,    0.04199
                 10.0,        0.5,                  -2.0,    0.43757,    0.01052
                 10.0,        0.5,                   0.0,    0.43757,    0.01536
                 10.0,        0.5,                   2.0,    0.43757,    0.02023
                 10.0,        0.5,                   4.0,    0.43757,    0.02514
                 10.0,        0.5,                   6.0,    0.43757,    0.03007
                 10.0,        0.5,                   8.0,    0.43757,    0.03503
                 10.0,        0.5,                  10.0,    0.43757,    0.04002
                 10.0,        0.5,                  12.0,    0.43757,    0.04504
                 10.0,        0.5,                  14.0,    0.43757,    0.05009
                 10.0,        0.5,                  16.0,    0.43757,    0.05517
                 10.0,        0.5,                 17.82,    0.41979,    0.05725
                 10.0,        0.5,                 17.82,      0.314,    0.04154
                 40.0,        0.0,                  -2.0,    1.08538,    0.04726
                 40.0,        0.0,                   0.0,    1.08538,    0.05416
                 40.0,        0.0,                   2.0,    1.08538,    0.06142
                 40.0,        0.0,                   4.0,    1.08538,    0.06905
                 40.0,        0.0,                   6.0,    1.08538,    0.07704
                 40.0,        0.0,                   8.0,    1.08538,     0.0854
                 40.0,        0.0,                  10.0,    1.08538,    0.09412
                 40.0,        0.0,                  12.0,    1.08538,     0.1032
                 40.0,        0.0,                  14.0,    1.08538,    0.11265
                 40.0,        0.0,                  16.0,    1.08538,    0.12246
                 40.0,        0.0,                  18.0,    1.08538,    0.13264
                 40.0,        0.0,                 19.88,    1.07429,    0.14111
                 40.0,        0.1,                  -2.0,    1.08508,    0.04854
                 40.0,        0.1,                   0.0,    1.08508,     0.0568
                 40.0,        0.1,                   2.0,    1.08508,     0.0655
                 40.0,        0.1,                   4.0,    1.08508,    0.07464
                 40.0,        0.1,                   6.0,    1.08508,    0.08422
                 40.0,        0.1,                   8.0,    1.08508,    0.09423
                 40.0,        0.1,                  10.0,    1.08508,    0.10469
                 40.0,        0.1,                  12.0,    1.08508,    0.11558
                 40.0,        0.1,                  14.0,    1.08508,     0.1269
                 40.0,        0.1,                  16.0,    1.08508,    0.13867
                 40.0,        0.1,                  18.0,    1.08508,    0.15088
                 40.0,        0.1,                  19.8,    1.06752,    0.15959
                 40.0,        0.2,                  -2.0,    1.08417,    0.04834
                 40.0,        0.2,                   0.0,    1.08417,    0.05653
                 40.0,        0.2,                   2.0,    1.08417,    0.06516
                 40.0,        0.2,                   4.0,    1.08417,    0.07422
                 40.0,        0.2,                   6.0,    1.08417,    0.08373
                 40.0,        0.2,                   8.0,    1.08417,    0.09368
                 40.0,        0.2,                  10.0,    1.08417,    0.10406
                 40.0,        0.2,                  12.0,    1.08417,    0.11488
                 40.0,        0.2,                  14.0,    1.08417,    0.12614
                 40.0,        0.2,                  16.0,    1.08417,    0.13785
                 40.0,        0.2,                  18.0,    1.08417,    0.14999
                 40.0,        0.2,                 19.59,     1.0468,    0.15432
                 40.0,        0.3,                  -2.0,     1.0826,    0.04815
                 40.0,        0.3,                   0.0,     1.0826,    0.05637
                 40.0,        0.3,                   2.0,     1.0826,    0.06504
                 40.0,        0.3,                   4.0,     1.0826,    0.07416
                 40.0,        0.3,                   6.0,     1.0826,    0.08373
                 40.0,        0.3,                   8.0,     1.0826,    0.09375
                 40.0,        0.3,                  10.0,     1.0826,    0.10422
                 40.0,        0.3,                  12.0,     1.0826,    0.11513
                 40.0,        0.3,                  14.0,     1.0826,     0.1265
                 40.0,        0.3,                  16.0,     1.0826,    0.13831
                 40.0,        0.3,                  18.0,     1.0826,    0.15058
                 40.0,        0.3,                 19.22,    1.01077,    0.14752
                 40.0,        0.4,                  -2.0,    1.08026,    0.04794
                 40.0,        0.4,                   0.0,    1.08026,    0.05626
                 40.0,        0.4,                   2.0,    1.08026,    0.06505
                 40.0,        0.4,                   4.0,    1.08026,    0.07431
                 40.0,        0.4,                   6.0,    1.08026,    0.08404
                 40.0,        0.4,                   8.0,    1.08026,    0.09424
                 40.0,        0.4,                  10.0,    1.08026,     0.1049
                 40.0,        0.4,                  12.0,    1.08026,    0.11603
                 40.0,        0.4,                  14.0,    1.08026,    0.12763
                 40.0,        0.4,                  16.0,    1.08026,     0.1397
                 40.0,        0.4,                  18.0,    1.08026,    0.15224
                 40.0,        0.4,                 18.69,    0.97289,    0.14059
                 40.0,        0.5,                  -2.0,    1.07697,    0.04767
                 40.0,        0.5,                   0.0,    1.07697,    0.05616
                 40.0,        0.5,                   2.0,    1.07697,    0.06516
                 40.0,        0.5,                   4.0,    1.07697,    0.07465
                 40.0,        0.5,                   6.0,    1.07697,    0.08464
                 40.0,        0.5,                   8.0,    1.07697,    0.09512
                 40.0,        0.5,                  10.0,    1.07697,    0.10611
                 40.0,        0.5,                  12.0,    1.07697,    0.11758
                 40.0,        0.5,                  14.0,    1.07697,    0.12956
                 40.0,        0.5,                  16.0,    1.07697,    0.14204
                 40.0,        0.5,                 17.96,    1.07572,    0.15474
                 40.0,        0.5,                 17.99,    0.96993,    0.13903
